# https://pris.iaea.org/PRIS/WorldStatistics/OperationalByAge.aspx
# Accessed 2/2/2022
Age(years) Number Power(MWe)
0 	1 	1000
1 	6 	5250
2 	5 	5521
3 	6 	5243
4 	9 	10439
5 	4 	3358
6 	10 	9607
7 	10 	9505
8 	5 	4673
9 	4 	4054
10 	3 	3011
11 	7 	4013
12 	5 	3774
13 	2 	1068
14 	0 	0
15 	3 	1842
16 	2 	1480
17 	4 	3662
18 	5 	4785
19 	2 	1675
20 	6 	5209
21 	3 	2738
22 	6 	3208
23 	4 	2766
24 	4 	3059
25 	3 	3591
26 	6 	7064
27 	4 	3320
28 	5 	4347
29 	9 	9068
30 	6 	4806
31 	4 	3738
32 	10 	10689
33 	11 	10394
34 	14 	13898
35 	21 	21540
36 	22 	22087
37 	31 	31415
38 	28 	25981
39 	16 	12601
40 	15 	13450
41 	18 	16127
42 	18 	14388
43 	5 	4620
44 	9 	8526
45 	5 	3819
46 	12 	9519
47 	9 	6719
48 	13 	9677
49 	9 	6484
50 	7 	4560
51 	5 	3192
52 	3 	2226
53 	5 	1838
