# 3D Plot Data for Pu-239 Neutron-induced Fission Yields at 0.0253 (eV)
# JENDL FP Fission Yields Data File 2011 (FPY-2011)
# *) Raw Data
# [Independent]
#  Z   N   Fission Yield
  23  43   0.0000000e+00
  24  42   4.7253900e-15
  24  43   3.4386400e-16
  24  44   0.0000000e+00
  24  45   1.9010300e-18
  24  46   0.0000000e+00
  25  41   3.6892100e-12
  25  42   7.5783900e-13
  25  43   1.5796600e-13
  25  44   2.6692500e-14
  25  45   0.0000000e+00
  25  46   0.0000000e+00
  25  47   9.0775400e-18
  25  48   0.0000000e+00
  26  40   3.6292300e-10
  26  41   1.8196200e-10
  26  42   1.3497100e-10
  26  43   5.8687600e-11
  26  44   1.8396100e-11
  26  45   1.8296100e-12
  26  46   2.2794200e-13
  26  47   0.0000000e+00
  26  48   0.0000000e+00
  26  49   0.0000000e+00
  26  50   0.0000000e+00
  27  39   1.1497600e-09
  27  40   1.8596100e-09
  27  41   3.9362400e-09
  27  42   4.6590100e-09
  27  43   3.0145400e-09
  27  44   1.2897200e-09
  27  45   4.1291200e-10
  27  46   6.7985600e-11
  27  47   7.2584600e-12
  27  48   5.4988300e-13
  27  49   2.1495400e-14
  27  50   1.6577400e-15
  27  51   0.0000000e+00
  28  38   6.7785600e-10
  28  39   2.2895100e-09
  28  40   1.1297600e-08
  28  41   3.2404360e-08
  28  42   9.2680400e-08
  28  43   7.4884100e-08
  28  44   8.4982000e-08
  28  45   3.4892600e-08
  28  46   1.3497100e-08
  28  47   2.6394400e-09
  28  48   3.9391600e-10
  28  49   3.4491000e-11
  28  50   2.3794900e-12
  28  51   8.0455500e-14
  28  52   0.0000000e+00
  28  53   0.0000000e+00
  28  54   0.0000000e+00
  29  37   1.3797000e-11
  29  38   1.5596700e-10
  29  39   1.6566490e-09
  29  40   1.6596500e-08
  29  41   9.1408700e-08
  29  42   2.1195500e-07
  29  43   5.2288900e-07
  29  44   7.1084900e-07
  29  45   6.2986600e-07
  29  46   4.4190700e-07
  29  47   1.4208250e-07
  29  48   5.4288400e-08
  29  49   9.7879200e-09
  29  50   1.1296800e-09
  29  51   7.2284600e-11
  29  52   2.7994100e-12
  29  53   3.3592900e-14
  29  54   0.0000000e+00
  29  55   0.0000000e+00
  30  36   3.4992600e-14
  30  37   9.9378900e-13
  30  38   3.6492300e-11
  30  39   8.6481600e-10
  30  40   1.4996800e-08
  30  41   7.6983600e-08
  30  42   5.8187700e-07
  30  43   1.7437807e-06
  30  44   4.4190700e-06
  30  45   6.8385500e-06
  30  46   8.6181700e-06
  30  47   6.1030700e-06
  30  48   4.3990700e-06
  30  49   1.2897200e-06
  30  50   3.2993000e-07
  30  51   3.5492500e-08
  30  52   1.7496300e-09
  30  53   4.9089600e-11
  30  54   1.0297800e-12
  30  55   2.0363000e-14
  30  56   0.0000000e+00
  31  36   2.9153700e-16
  31  37   2.0295600e-14
  31  38   1.7896200e-12
  31  39   7.7683500e-11
  31  40   1.3597100e-09
  31  41   2.3895000e-08
  31  42   2.2095300e-07
  31  43   1.2397330e-06
  31  44   5.8287700e-06
  31  45   1.5396700e-05
  31  46   3.7841900e-05
  31  47   5.5108300e-05
  31  48   5.4918300e-05
  31  49   3.6252400e-05
  31  50   1.5106800e-05
  31  51   2.0195800e-06
  31  52   2.2895100e-07
  31  53   1.3497100e-08
  31  54   2.8591900e-10
  31  55   1.1797500e-11
  31  56   4.4878900e-13
  31  57   0.0000000e+00
  31  58   0.0000000e+00
  32  37   0.0000000e+00
  32  38   4.5490300e-14
  32  39   1.9995800e-12
  32  40   1.2897200e-10
  32  41   2.9613680e-09
  32  42   5.5988100e-08
  32  43   6.0567240e-07
  32  44   5.1189200e-06
  32  45   2.6684320e-05
  32  46   1.1814500e-04
  32  47   2.9754670e-04
  32  48   5.4876300e-04
  32  49   4.8095200e-04
  32  50   2.7096300e-04
  32  51   8.0372900e-05
  32  52   1.8546100e-05
  32  53   1.0797700e-06
  32  54   1.7496300e-07
  32  55   9.3375700e-09
  32  56   2.7194300e-10
  32  57   3.2395800e-12
  32  58   8.4659900e-13
  32  59   0.0000000e+00
  33  39   1.6496500e-14
  33  40   1.4296900e-12
  33  41   6.7585600e-11
  33  42   2.6794300e-09
  33  43   5.5288200e-08
  33  44   9.8879000e-07
  33  45   9.8779100e-06
  33  46   8.0133000e-05
  33  47   3.1938200e-04
  33  48   1.0255800e-03
  33  49   1.1348990e-03
  33  50   1.1528800e-03
  33  51   6.5668100e-04
  33  52   1.4313900e-04
  33  53   6.0017300e-05
  33  54   1.2667300e-05
  33  55   1.0197900e-06
  33  56   4.5487100e-08
  33  57   9.8494200e-09
  33  58   0.0000000e+00
  33  59   8.9979100e-13
  33  60   0.0000000e+00
  33  61   0.0000000e+00
  33  62   0.0000000e+00
  34  40   0.0000000e+00
  34  41   9.0580800e-13
  34  42   7.0585000e-11
  34  43   2.9873700e-09
  34  44   1.1697600e-07
  34  45   2.2865170e-06
  34  46   3.2443100e-05
  34  47   2.4295840e-04
  34  48   8.7588400e-04
  34  49   1.5603330e-03
  34  50   3.2724000e-03
  34  51   4.0576200e-03
  34  52   2.9334200e-03
  34  53   1.3682000e-03
  34  54   4.2019100e-04
  34  55   5.0339300e-05
  34  56   1.2147600e-05
  34  57   5.7732900e-07
  34  58   2.2594300e-08
  34  59   4.6920500e-09
  34  60   2.2795100e-09
  34  61   7.7615100e-13
  34  62   4.7589900e-14
  35  42   3.2972990e-13
  35  43   3.3692900e-11
  35  44   2.4784740e-09
  35  45   1.4666960e-08
  35  46   2.6694400e-06
  35  47   1.2837280e-05
  35  48   1.7057400e-04
  35  49   7.5819000e-04
  35  50   1.4804700e-03
  35  51   3.7812000e-03
  35  52   5.5299600e-03
  35  53   4.6549800e-03
  35  54   3.4372100e-03
  35  55   2.1338300e-03
  35  56   1.9832800e-04
  35  57   2.4634800e-05
  35  58   6.5881300e-05
  35  59   2.7104300e-05
  35  60   1.0897900e-08
  35  61   6.1986800e-09
  35  62   7.7216800e-10
  35  63   0.0000000e+00
  35  64   0.0000000e+00
  35  65   0.0000000e+00
  36  43   1.9495850e-13
  36  44   3.0193600e-11
  36  45   2.3674970e-09
  36  46   4.4890400e-08
  36  47   1.5296680e-06
  36  48   2.6074500e-05
  36  49   1.2379430e-04
  36  50   7.0522000e-04
  36  51   2.8411700e-03
  36  52   7.4693500e-03
  36  53   1.1000300e-02
  36  54   1.0966900e-02
  36  55   6.9676500e-03
  36  56   3.0861400e-03
  36  57   6.3682500e-04
  36  58   2.1525400e-04
  36  59   1.1136800e-05
  36  60   8.1552700e-05
  36  61   1.6065800e-05
  36  62   2.2395200e-09
  36  63   2.6108600e-11
  36  64   6.5186200e-13
  36  65   0.0000000e+00
  36  66   0.0000000e+00
  37  44   3.7445200e-15
  37  45   0.0000000e+00
  37  46   5.0089400e-10
  37  47   2.0020185e-08
  37  48   4.2391000e-07
  37  49   1.8296120e-06
  37  50   1.4658900e-04
  37  51   5.7298800e-04
  37  52   2.5485600e-03
  37  53   7.4476800e-03
  37  54   1.3831200e-02
  37  55   1.6072300e-02
  37  56   1.3552000e-02
  37  57   7.0398200e-03
  37  58   4.3215300e-03
  37  59   3.9068700e-04
  37  60   5.3538600e-05
  37  61   6.5743520e-06
  37  62   3.6659200e-07
  37  63   2.0595600e-08
  37  64   1.3886500e-10
  37  65   3.1970400e-12
  37  66   7.0412000e-13
  37  67   0.0000000e+00
  37  68   0.0000000e+00
  38  45   8.7177700e-15
  38  46   2.2295200e-12
  38  47   1.1297600e-10
  38  48   1.0097900e-08
  38  49   3.0363550e-07
  38  50   6.7885600e-06
  38  51   1.5100800e-04
  38  52   9.6880400e-04
  38  53   3.8600900e-03
  38  54   1.0241700e-02
  38  55   2.1436900e-02
  38  56   2.9243500e-02
  38  57   2.6114300e-02
  38  58   1.8216000e-02
  38  59   7.8655100e-03
  38  60   3.2724800e-03
  38  61   3.7462400e-04
  38  62   6.7585700e-05
  38  63   2.8892500e-06
  38  64   8.0279700e-08
  38  65   1.4650000e-08
  38  66   9.4379900e-11
  38  67   4.4606000e-12
  38  68   0.0000000e+00
  38  69   0.0000000e+00
  39  47   0.0000000e+00
  39  48   1.0176900e-12
  39  49   1.6210380e-09
  39  50   8.5781800e-08
  39  51   1.9295910e-06
  39  52   2.4794590e-05
  39  53   4.5069400e-04
  39  54   1.7401850e-03
  39  55   6.7494800e-03
  39  56   1.6774400e-02
  39  57   2.4857840e-02
  39  58   3.0031790e-02
  39  59   2.3740220e-02
  39  60   1.4438400e-02
  39  61   4.0986316e-03
  39  62   8.4004200e-04
  39  63   6.8566400e-05
  39  64   1.0103200e-05
  39  65   7.3384400e-07
  39  66   6.2631600e-08
  39  67   7.2859200e-11
  39  68   6.8067300e-12
  39  69   1.8115300e-13
  39  70   0.0000000e+00
  40  48   4.8589700e-14
  40  49   4.3309700e-12
  40  50   6.0087200e-10
  40  51   3.6892100e-08
  40  52   9.4379900e-07
  40  53   1.6856400e-05
  40  54   3.0135600e-04
  40  55   1.2546000e-03
  40  56   5.3720100e-03
  40  57   1.5839800e-02
  40  58   2.9214300e-02
  40  59   3.7624100e-02
  40  60   4.7821800e-02
  40  61   2.3281200e-02
  40  62   1.2175700e-02
  40  63   2.2342400e-03
  40  64   6.1005000e-04
  40  65   6.4003800e-05
  40  66   1.8295300e-06
  40  67   1.4162200e-07
  40  68   4.5488500e-09
  40  69   0.0000000e+00
  40  70   0.0000000e+00
  40  71   0.0000000e+00
  40  72   0.0000000e+00
  41  49   0.0000000e+00
  41  50   5.3922900e-13
  41  51   2.4803700e-11
  41  52   5.2078950e-09
  41  53   1.6216560e-07
  41  54   6.9685200e-06
  41  55   3.6032400e-05
  41  56   8.0310000e-04
  41  57   1.7790590e-03
  41  58   9.5622500e-03
  41  59   1.5003090e-02
  41  60   3.4550300e-02
  41  61   3.0775640e-02
  41  62   2.7020500e-02
  41  63   1.1631240e-02
  41  64   4.9411800e-03
  41  65   3.4849600e-04
  41  66   9.7667600e-05
  41  67   9.3180300e-06
  41  68   1.7796200e-11
  41  69   0.0000000e+00
  41  70   1.0375200e-16
  41  71   2.0217500e-18
  41  72   0.0000000e+00
  41  73   2.1658700e-13
  41  74   0.0000000e+00
  42  50   0.0000000e+00
  42  51   1.1397580e-13
  42  52   1.4097000e-11
  42  53   9.3380100e-10
  42  54   4.5090400e-08
  42  55   1.0397800e-06
  42  56   1.9545900e-05
  42  57   3.7499000e-04
  42  58   1.4192100e-03
  42  59   1.3800700e-03
  42  60   1.7559900e-02
  42  61   3.8121900e-02
  42  62   4.2922800e-02
  42  63   3.5135200e-02
  42  64   2.1650600e-02
  42  65   5.8589900e-03
  42  66   2.1491200e-03
  42  67   5.9147500e-05
  42  68   8.3182400e-08
  42  69   2.5294600e-09
  42  70   5.9487400e-11
  42  71   4.7823600e-14
  42  72   5.4386300e-09
  42  73   1.2550700e-12
  42  74   1.1597600e-13
  42  75   0.0000000e+00
  43  52   0.0000000e+00
  43  53   0.0000000e+00
  43  54   8.2182500e-11
  43  55   4.1691200e-09
  43  56   1.4806900e-07
  43  57   3.0693500e-06
  43  58   1.2436300e-04
  43  59   6.7301700e-04
  43  60   2.5327000e-03
  43  61   5.4201200e-03
  43  62   1.5938900e-02
  43  63   1.8250800e-02
  43  64   1.8202400e-02
  43  65   6.2591700e-03
  43  66   4.0368500e-03
  43  67   4.0158500e-04
  43  68   6.6985800e-05
  43  69   6.0887000e-06
  43  70   7.8683300e-07
  43  71   2.6494400e-06
  43  72   1.7622500e-08
  43  73   1.4596900e-09
  43  74   4.1131100e-12
  43  75   8.8784800e-14
  43  76   1.4943600e-15
  43  77   0.0000000e+00
  44  54   9.1380600e-14
  44  55   8.6081700e-12
  44  56   7.0685000e-10
  44  57   2.4294800e-08
  44  58   7.6483800e-07
  44  59   1.1958960e-05
  44  60   2.4401800e-04
  44  61   4.5436300e-04
  44  62   3.2401300e-03
  44  63   8.3728400e-03
  44  64   1.2814300e-02
  44  65   9.9564700e-03
  44  66   5.7420700e-03
  44  67   2.4488500e-03
  44  68   9.2095500e-04
  44  69   3.2594200e-04
  44  70   1.5805600e-04
  44  71   1.8008600e-05
  44  72   1.9495900e-06
  44  73   8.5577700e-08
  44  74   2.2294300e-09
  44  75   3.1091900e-11
  44  76   3.3292900e-13
  44  77   6.4720500e-15
  44  78   0.0000000e+00
  44  79   0.0000000e+00
  44  80   0.0000000e+00
  45  55   0.0000000e+00
  45  56   4.7139910e-13
  45  57   4.0591300e-11
  45  58   2.5624560e-09
  45  59   7.0285100e-08
  45  60   1.5866560e-06
  45  61   4.4390600e-06
  45  62   7.6133900e-04
  45  63   3.9643670e-04
  45  64   7.2456700e-04
  45  65   3.0865460e-04
  45  66   4.4323600e-04
  45  67   3.9224700e-04
  45  68   4.3518800e-04
  45  69   3.0158200e-04
  45  70   1.7853200e-04
  45  71   6.6520900e-05
  45  72   1.4316900e-05
  45  73   1.2597300e-06
  45  74   8.1682700e-08
  45  75   2.7494200e-09
  45  76   9.0874200e-11
  45  77   1.3097200e-12
  45  78   0.0000000e+00
  45  79   0.0000000e+00
  45  80   0.0000000e+00
  45  81   0.0000000e+00
  45  82   0.0000000e+00
  45  83   0.0000000e+00
  46  56   0.0000000e+00
  46  57   3.6392300e-14
  46  58   3.9791500e-12
  46  59   2.4194900e-10
  46  60   9.1480600e-09
  46  61   1.9505820e-07
  46  62   2.8793800e-06
  46  63   4.0191400e-09
  46  64   4.4290600e-08
  46  65   2.3235060e-07
  46  66   9.4679900e-07
  46  67   3.5085570e-06
  46  68   1.2052500e-04
  46  69   1.9134260e-04
  46  70   3.5843400e-04
  46  71   1.9512210e-04
  46  72   8.6261700e-05
  46  73   1.6536500e-05
  46  74   2.4294800e-06
  46  75   2.4694800e-07
  46  76   1.6196600e-08
  46  77   3.6192400e-10
  46  78   0.0000000e+00
  46  79   0.0000000e+00
  46  80   0.0000000e+00
  46  81   0.0000000e+00
  46  82   0.0000000e+00
  46  83   0.0000000e+00
  46  84   0.0000000e+00
  46  85   0.0000000e+00
  47  58   0.0000000e+00
  47  59   1.1507560e-13
  47  60   9.6979400e-12
  47  61   4.1591000e-10
  47  62   0.0000000e+00
  47  63   0.0000000e+00
  47  64   2.8344900e-14
  47  65   5.8587600e-13
  47  66   1.3907140e-11
  47  67   1.4470017e-06
  47  68   1.4297000e-05
  47  69   8.2063050e-05
  47  70   1.8891930e-04
  47  71   1.9749760e-04
  47  72   1.3088330e-04
  47  73   5.6787900e-05
  47  74   2.3874900e-05
  47  75   4.6490150e-06
  47  76   4.7589900e-07
  47  77   6.1586900e-12
  47  78   4.9789400e-13
  47  79   3.8691800e-14
  47  80   0.0000000e+00
  47  81   0.0000000e+00
  47  82   4.6750000e-17
  47  83   1.6996400e-10
  47  84   4.4927000e-12
  47  85   0.0000000e+00
  47  86   0.0000000e+00
  48  60   0.0000000e+00
  48  61   0.0000000e+00
  48  62   0.0000000e+00
  48  63   0.0000000e+00
  48  64   0.0000000e+00
  48  65   0.0000000e+00
  48  66   2.2195300e-09
  48  67   8.8281200e-08
  48  68   2.5594600e-06
  48  69   1.9635780e-05
  48  70   3.9011700e-05
  48  71   1.5318800e-04
  48  72   2.1372400e-04
  48  73   2.2520350e-04
  48  74   1.6927400e-04
  48  75   4.4346610e-05
  48  76   2.7394200e-06
  48  77   6.3168040e-07
  48  78   2.2995100e-07
  48  79   8.8681200e-08
  48  80   3.9591600e-08
  48  81   1.1397600e-09
  48  82   1.5496700e-06
  48  83   9.3475700e-08
  48  84   5.6787900e-09
  48  85   2.7127100e-11
  48  86   2.1395400e-13
  48  87   0.0000000e+00
  48  88   0.0000000e+00
  49  61   0.0000000e+00
  49  62   0.0000000e+00
  49  63   0.0000000e+00
  49  64   0.0000000e+00
  49  65   5.4896100e-14
  49  66   1.7396300e-11
  49  67   2.2195300e-09
  49  68   8.6681500e-08
  49  69   7.6883700e-07
  49  70   8.9381000e-06
  49  71   3.2113120e-05
  49  72   1.2106430e-04
  49  73   2.1987370e-04
  49  74   2.3994950e-04
  49  75   3.4694700e-04
  49  76   3.4134740e-04
  49  77   2.9395800e-04
  49  78   4.8383470e-04
  49  79   6.9131400e-04
  49  80   1.0693460e-04
  49  81   3.3188780e-04
  49  82   8.8478200e-05
  49  83   1.5726700e-05
  49  84   3.8089200e-07
  49  85   8.9481000e-09
  49  86   6.8711900e-11
  49  87   2.8194100e-13
  49  88   0.0000000e+00
  49  89   0.0000000e+00
  50  63   0.0000000e+00
  50  64   0.0000000e+00
  50  65   0.0000000e+00
  50  66   2.0595600e-13
  50  67   2.9293740e-11
  50  68   1.3197200e-09
  50  69   4.7789800e-08
  50  70   7.2784500e-07
  50  71   7.5983900e-06
  50  72   5.2638900e-05
  50  73   1.4610900e-04
  50  74   4.3632800e-04
  50  75   7.6772700e-04
  50  76   1.6899100e-03
  50  77   4.3068100e-03
  50  78   5.4507700e-03
  50  79   9.7948900e-03
  50  80   9.3935200e-03
  50  81   6.0754500e-03
  50  82   4.8408700e-03
  50  83   3.4288700e-04
  50  84   3.8411800e-05
  50  85   1.4296200e-06
  50  86   1.9295900e-08
  50  87   4.3490800e-10
  50  88   3.7891900e-12
  50  89   0.0000000e+00
  50  90   0.0000000e+00
  51  65   0.0000000e+00
  51  66   0.0000000e+00
  51  67   5.1688900e-14
  51  68   8.8281200e-12
  51  69   4.1791100e-10
  51  70   2.7194300e-09
  51  71   4.1585730e-07
  51  72   4.5990200e-06
  51  73   9.9978800e-07
  51  74   6.5786000e-06
  51  75   3.7132230e-05
  51  76   2.7614200e-04
  51  77   1.1951060e-03
  51  78   3.3022600e-03
  51  79   1.1788650e-02
  51  80   1.8969600e-02
  51  81   2.3998100e-02
  51  82   1.1734000e-02
  51  83   3.9885600e-03
  51  84   6.6619900e-04
  51  85   2.9223800e-05
  51  86   2.7494200e-06
  51  87   6.5086200e-08
  51  88   1.7396300e-09
  51  89   5.6137400e-11
  51  90   4.8975300e-12
  51  91   0.0000000e+00
  51  92   0.0000000e+00
  52  67   0.0000000e+00
  52  68   2.5194700e-14
  52  69   3.6792280e-12
  52  70   3.4092800e-10
  52  71   1.2557330e-08
  52  72   2.8294000e-12
  52  73   6.2086800e-11
  52  74   1.3597100e-09
  52  75   2.5354610e-08
  52  76   4.2591000e-07
  52  77   6.7485700e-06
  52  78   2.0509400e-03
  52  79   1.3198600e-02
  52  80   2.2530600e-02
  52  81   4.6560400e-02
  52  82   4.3964200e-02
  52  83   2.1925300e-02
  52  84   5.0606600e-03
  52  85   1.2928700e-03
  52  86   1.1703600e-04
  52  87   8.1282800e-06
  52  88   1.4096500e-06
  52  89   1.0189900e-07
  52  90   5.6688000e-09
  52  91   8.1965700e-12
  52  92   5.1728900e-13
  52  93   0.0000000e+00
  53  69   0.0000000e+00
  53  70   1.1597600e-12
  53  71   0.0000000e+00
  53  72   0.0000000e+00
  53  73   0.0000000e+00
  53  74   0.0000000e+00
  53  75   9.1780500e-07
  53  76   3.8491800e-12
  53  77   4.6900000e-05
  53  78   2.2929100e-04
  53  79   2.6574100e-03
  53  80   1.1072610e-02
  53  81   2.6195700e-02
  53  82   4.2865600e-02
  53  83   2.8910830e-02
  53  84   2.2989700e-02
  53  85   1.2715000e-02
  53  86   3.1873200e-03
  53  87   5.9436400e-04
  53  88   7.0273100e-05
  53  89   2.4724800e-05
  53  90   1.1508800e-07
  53  91   6.0182000e-09
  53  92   2.7244600e-11
  53  93   6.0915000e-13
  53  94   0.0000000e+00
  53  95   0.0000000e+00
  54  71   0.0000000e+00
  54  72   0.0000000e+00
  54  73   0.0000000e+00
  54  74   1.9295900e-11
  54  75   0.0000000e+00
  54  76   2.9393700e-08
  54  77   4.2290900e-07
  54  78   1.2816760e-05
  54  79   4.3237900e-04
  54  80   2.4468040e-03
  54  81   1.0661980e-02
  54  82   3.4784600e-02
  54  83   3.6831500e-02
  54  84   3.9249000e-02
  54  85   2.7913600e-02
  54  86   1.5401600e-02
  54  87   4.7328900e-03
  54  88   1.4094600e-03
  54  89   1.1761000e-04
  54  90   7.4224100e-06
  54  91   5.6685300e-07
  54  92   1.5296100e-08
  54  93   2.4554900e-11
  54  94   9.0880700e-13
  54  95   0.0000000e+00
  54  96   0.0000000e+00
  55  73   0.0000000e+00
  55  74   0.0000000e+00
  55  75   0.0000000e+00
  55  76   2.6194500e-11
  55  77   2.9793600e-09
  55  78   2.0395600e-07
  55  79   6.6985800e-06
  55  80   1.2601320e-04
  55  81   9.7415400e-04
  55  82   5.9719700e-03
  55  83   9.0088000e-03
  55  84   2.3236800e-02
  55  85   2.2761200e-02
  55  86   2.8665300e-02
  55  87   1.3963300e-02
  55  88   6.7966200e-03
  55  89   1.5763300e-03
  55  90   2.7967100e-04
  55  91   2.1265400e-05
  55  92   3.4477600e-07
  55  93   1.5096800e-08
  55  94   1.0426900e-10
  55  95   6.3386500e-12
  55  96   3.3327400e-13
  55  97   0.0000000e+00
  56  75   0.0000000e+00
  56  76   5.9387400e-14
  56  77   6.8977700e-13
  56  78   2.0195800e-09
  56  79   1.2197400e-07
  56  80   4.9389600e-06
  56  81   6.3696500e-05
  56  82   5.2574900e-04
  56  83   2.2626400e-03
  56  84   1.4798500e-02
  56  85   1.8275000e-02
  56  86   3.0763200e-02
  56  87   2.8856400e-02
  56  88   2.1560600e-02
  56  89   8.0275300e-03
  56  90   2.3753800e-03
  56  91   3.5233100e-04
  56  92   2.6424400e-05
  56  93   2.1694400e-06
  56  94   1.1997500e-07
  56  95   6.9341500e-09
  56  96   5.3588600e-11
  56  97   6.0590900e-13
  56  98   0.0000000e+00
  57  76   0.0000000e+00
  57  77   0.0000000e+00
  57  78   3.8591800e-12
  57  79   0.0000000e+00
  57  80   2.8194100e-08
  57  81   6.1586900e-07
  57  82   1.0287800e-05
  57  83   1.0194900e-04
  57  84   7.2115700e-04
  57  85   2.9925100e-03
  57  86   8.1498700e-03
  57  87   1.3089900e-02
  57  88   1.6964900e-02
  57  89   1.1611140e-02
  57  90   6.1045200e-03
  57  91   1.1703100e-03
  57  92   3.6326300e-04
  57  93   5.2109000e-05
  57  94   4.7820500e-06
  57  95   2.4094900e-07
  57  96   8.5075900e-09
  57  97   1.8196200e-10
  57  98   1.6625400e-12
  57  99   4.8970900e-14
  57 100   0.0000000e+00
  58  77   0.0000000e+00
  58  78   0.0000000e+00
  58  79   7.6303600e-14
  58  80   6.8913500e-12
  58  81   3.3792800e-09
  58  82   1.3097200e-07
  58  83   2.2895100e-06
  58  84   3.5662500e-05
  58  85   2.6652400e-04
  58  86   1.1638500e-03
  58  87   4.5614700e-03
  58  88   1.0375800e-02
  58  89   1.2161300e-02
  58  90   8.9018300e-03
  58  91   5.6188600e-03
  58  92   2.7793600e-03
  58  93   5.5614430e-04
  58  94   1.1805500e-04
  58  95   1.0607800e-05
  58  96   8.5681800e-07
  58  97   3.4591000e-08
  58  98   1.2296900e-09
  58  99   1.7896200e-11
  58 100   1.8596100e-13
  58 101   2.9405400e-15
  58 102   0.0000000e+00
  59  79   0.0000000e+00
  59  80   3.5492500e-14
  59  81   3.7692000e-12
  59  82   2.5294600e-10
  59  83   1.0897680e-08
  59  84   3.3592900e-07
  59  85   3.6552280e-06
  59  86   5.7757800e-05
  59  87   1.9467900e-04
  59  88   1.3911900e-03
  59  89   6.1779200e-03
  59  90   5.6817900e-03
  59  91   5.0929700e-03
  59  92   3.7201200e-03
  59  93   1.6045200e-03
  59  94   4.9301500e-04
  59  95   9.6979400e-05
  59  96   1.4286900e-05
  59  97   1.2997200e-06
  59  98   7.1884700e-08
  59  99   1.9595900e-09
  59 100   4.1288200e-11
  59 101   4.7589900e-13
  59 102   5.4296800e-15
  59 103   6.9674100e-17
  60  81   0.0000000e+00
  60  82   3.4592700e-13
  60  83   2.9093800e-11
  60  84   1.3697100e-09
  60  85   5.9287400e-08
  60  86   8.1082800e-07
  60  87   1.5866600e-05
  60  88   1.3727100e-04
  60  89   4.9816400e-04
  60  90   1.7366900e-03
  60  91   2.9184400e-03
  60  92   3.7004200e-03
  60  93   2.4039900e-03
  60  94   1.5068900e-03
  60  95   5.0709300e-04
  60  96   1.6008600e-04
  60  97   2.1815300e-05
  60  98   2.1895300e-06
  60  99   1.1897500e-07
  60 100   5.0589300e-09
  60 101   1.1297000e-10
  60 102   1.7495600e-12
  60 103   1.3097200e-14
  60 104   0.0000000e+00
  61  83   1.1197700e-14
  61  84   1.9995800e-12
  61  85   7.8883200e-11
  61  86   6.4886200e-09
  61  87   5.7587700e-08
  61  88   2.4294800e-06
  61  89   1.1497600e-05
  61  90   1.0767700e-04
  61  91   3.3440940e-04
  61  92   6.8302500e-04
  61  93   8.9856900e-04
  61  94   9.2084500e-04
  61  95   6.2121800e-04
  61  96   2.7403200e-04
  61  97   6.3856400e-05
  61  98   1.2207400e-05
  61  99   1.2597300e-06
  61 100   1.0397800e-07
  61 101   4.1591200e-09
  61 102   1.1897500e-10
  61 103   1.7196400e-12
  61 104   2.2195300e-14
  61 105   1.7319000e-16
  62  84   0.0000000e+00
  62  85   1.8296100e-13
  62  86   1.8996000e-11
  62  87   8.1882600e-10
  62  88   2.5394600e-08
  62  89   3.8491800e-07
  62  90   4.2990900e-06
  62  91   2.0256020e-05
  62  92   9.3740100e-05
  62  93   2.1270400e-04
  62  94   4.4549600e-04
  62  95   4.1057300e-04
  62  96   2.9293700e-04
  62  97   1.2121500e-04
  62  98   3.9911500e-05
  62  99   7.7983400e-06
  62 100   1.1097700e-06
  62 101   7.9483100e-08
  62 102   4.1691200e-09
  62 103   1.3997000e-10
  62 104   4.3489000e-12
  62 105   3.4591000e-14
  62 106   0.0000000e+00
  63  86   0.0000000e+00
  63  87   0.0000000e+00
  63  88   4.5490300e-11
  63  89   1.3577118e-09
  63  90   2.5094700e-08
  63  91   2.7994000e-07
  63  92   1.9295900e-06
  63  93   1.1777500e-05
  63  94   3.4572700e-05
  63  95   5.3788500e-05
  63  96   6.8405500e-05
  63  97   4.5890200e-05
  63  98   2.7664200e-05
  63  99   8.6281600e-06
  63 100   2.0695600e-06
  63 101   2.5194700e-07
  63 102   3.0393500e-08
  63 103   2.3894900e-09
  63 104   6.9285300e-11
  63 105   1.2297300e-12
  63 106   2.2693600e-14
  63 107   1.8950500e-16
  64  87   0.0000000e+00
  64  88   4.4290600e-14
  64  89   2.1695400e-12
  64  90   9.2580400e-11
  64  91   1.8062190e-09
  64  92   3.9391600e-08
  64  93   2.8993800e-07
  64  94   1.5196800e-06
  64  95   4.5290300e-06
  64  96   9.6679500e-06
  64  97   1.2547300e-05
  64  98   1.1937500e-05
  64  99   5.9887300e-06
  64 100   2.2195300e-06
  64 101   5.9587400e-07
  64 102   1.5896600e-07
  64 103   1.0797700e-08
  64 104   6.9885100e-10
  64 105   3.2893000e-11
  64 106   8.0882800e-13
  64 107   2.3993800e-14
  64 108   3.6563000e-16
  65  89   0.0000000e+00
  65  90   4.6490100e-14
  65  91   1.4460890e-12
  65  92   8.1682700e-11
  65  93   1.3100513e-09
  65  94   1.2797200e-08
  65  95   6.2786600e-08
  65  96   2.8493900e-07
  65  97   6.2386700e-07
  65  98   1.0097900e-06
  65  99   7.7483500e-07
  65 100   6.3286500e-07
  65 101   3.5492500e-07
  65 102   7.4484200e-08
  65 103   1.0897700e-08
  65 104   1.7596300e-09
  65 105   1.0297800e-10
  65 106   1.1197700e-11
  65 107   4.0691400e-13
  66  91   0.0000000e+00
  66  92   8.5381800e-14
  66  93   2.5894500e-12
  66  94   4.6790000e-11
  66  95   5.5288200e-10
  66  96   4.3890700e-09
  66  97   1.7396300e-08
  66  98   4.4790400e-08
  66  99   8.3182400e-08
  66 100   1.4796800e-07
  66 101   6.3786400e-08
  66 102   2.8294000e-08
  66 103   9.7079400e-09
  66 104   1.7696300e-09
  66 105   4.4290600e-10
  66 106   5.6188100e-11
  67  93   0.0000000e+00
  67  94   2.6611200e-14
  67  95   7.3684300e-13
  67  96   1.1007660e-11
  67  97   7.0385000e-11
  67  98   4.7589900e-10
  67  99   1.8835950e-09
  67 100   2.9293700e-09
  67 101   2.7119400e-09
  67 102   3.1193400e-09
  67 103   1.1657530e-09
  67 104   8.8681200e-10
  67 105   2.4094900e-10
  68  95   0.0000000e+00
  68  96   1.1997500e-14
  68  97   2.1095500e-13
  68  98   3.1393300e-12
  68  99   1.2067470e-11
  68 100   4.3190900e-11
  68 101   1.1097700e-10
  68 102   1.3497100e-10
  68 103   2.2695200e-10
  68 104   1.9096000e-10
  69  97   0.0000000e+00
  69  98   0.0000000e+00
  69  99   1.5796600e-14
  69 100   1.5196800e-13
  69 101   4.5290300e-13
  69 102   2.7094300e-12
  69 103   5.3988500e-12
  70  98   0.0000000e+00
  70  99   0.0000000e+00
  70 100   2.6151700e-16
  70 101   3.1331600e-15
  70 102   1.9395900e-14
  71 101   0.0000000e+00
