# 3D Plot Data for Pu-239 Neutron-induced Fission Yields at 0.0253 (eV)
# JENDL FP Fission Yields Data File 2011 (FPY-2011)
# *) Raw Data
# [Cumulative]
#  Z   N   Fission Yield
  23  43   0.0000000e+00
  24  42   4.7253900e-15
  24  43   3.4386400e-16
  24  44   0.0000000e+00
  24  45   1.9010300e-18
  24  46   0.0000000e+00
  25  41   3.6939400e-12
  25  42   7.5818300e-13
  25  43   1.5796600e-13
  25  44   2.6694400e-14
  25  45   0.0000000e+00
  25  46   0.0000000e+00
  25  47   9.0775400e-18
  25  48   0.0000000e+00
  26  40   3.6661700e-10
  26  41   1.8272000e-10
  26  42   1.3512900e-10
  26  43   5.8714300e-11
  26  44   1.8396100e-11
  26  45   1.8296100e-12
  26  46   2.2795200e-13
  26  47   0.0000000e+00
  26  48   0.0000000e+00
  26  49   0.0000000e+00
  26  50   0.0000000e+00
  27  39   1.5163800e-09
  27  40   2.0423300e-09
  27  41   4.0713700e-09
  27  42   4.7177200e-09
  27  43   3.0329300e-09
  27  44   1.2915500e-09
  27  45   4.1314000e-10
  27  46   6.7985600e-11
  27  47   7.2584600e-12
  27  48   5.4988300e-13
  27  49   2.1495400e-14
  27  50   1.6577400e-15
  27  51   0.0000000e+00
  28  38   2.2167000e-09
  28  39   4.3093700e-09
  28  40   1.5410500e-08
  28  41   3.7173800e-08
  28  42   9.5839600e-08
  28  43   7.5980900e-08
  28  44   8.5389400e-08
  28  45   3.4941600e-08
  28  46   1.3504600e-08
  28  47   2.6397900e-09
  28  48   3.9393200e-10
  28  49   3.4491800e-11
  28  50   2.3794900e-12
  28  51   8.0455500e-14
  28  52   0.0000000e+00
  28  53   0.0000000e+00
  28  54   0.0000000e+00
  29  37   2.2305000e-09
  29  38   4.4653400e-09
  29  39   1.8042710e-08
  29  40   5.3770300e-08
  29  41   2.0953720e-07
  29  42   2.8793600e-07
  29  43   6.0831300e-07
  29  44   7.4584200e-07
  29  45   6.4332800e-07
  29  46   4.4452000e-07
  29  47   1.4247710e-07
  29  48   5.4306300e-08
  29  49   9.7900500e-09
  29  50   1.1297500e-09
  29  51   7.2284600e-11
  29  52   2.7994100e-12
  29  53   3.3592900e-14
  29  54   0.0000000e+00
  29  55   0.0000000e+00
  30  36   2.2305300e-09
  30  37   4.4663400e-09
  30  38   1.7103700e-08
  30  39   5.5337131e-08
  30  40   2.0224500e-07
  30  41   3.6497400e-07
  30  42   1.1904100e-06
  30  43   2.4898890e-06
  30  44   5.0779100e-06
  30  45   7.2699800e-06
  30  46   8.7658800e-06
  30  47   7.2244900e-06
  30  48   4.4031200e-06
  30  49   1.2902500e-06
  30  50   3.2998800e-07
  30  51   3.5493300e-08
  30  52   1.7496400e-09
  30  53   4.9089600e-11
  30  54   1.0297800e-12
  30  55   2.0363000e-14
  30  56   0.0000000e+00
  31  36   2.9153700e-16
  31  37   2.0295600e-14
  31  38   5.4636900e-08
  31  39   7.7683500e-11
  31  40   3.6628100e-07
  31  41   1.2667213e-06
  31  42   2.7108400e-06
  31  43   9.8010700e-06
  31  44   1.3098800e-05
  31  45   2.4162600e-05
  31  46   4.3997600e-05
  31  47   5.9528100e-05
  31  48   5.6195100e-05
  31  49   3.6581700e-05
  31  50   1.5139900e-05
  31  51   2.0210400e-06
  31  52   2.2898900e-07
  31  53   1.3497900e-08
  31  54   2.8593900e-10
  31  55   1.1797500e-11
  31  56   4.4878900e-13
  31  57   0.0000000e+00
  31  58   0.0000000e+00
  32  37   0.0000000e+00
  32  38   7.7410500e-11
  32  39   3.6232400e-12
  32  40   1.2144300e-06
  32  41   5.3845400e-06
  32  42   6.3736800e-06
  32  43   1.5159130e-05
  32  44   2.9281500e-05
  32  45   7.9715800e-05
  32  46   1.7772400e-04
  32  47   3.6444800e-04
  32  48   5.8683200e-04
  32  49   4.9469100e-04
  32  50   2.7272800e-04
  32  51   8.0467600e-05
  32  52   1.8550300e-05
  32  53   1.0798900e-06
  32  54   1.7497000e-07
  32  55   9.3376900e-09
  32  56   2.7194300e-10
  32  57   3.2395800e-12
  32  58   8.4659900e-13
  32  59   0.0000000e+00
  33  39   1.6496500e-14
  33  40   1.4296900e-12
  33  41   6.7585600e-11
  33  42   1.3707100e-05
  33  43   5.5288200e-08
  33  44   7.1670700e-05
  33  45   1.8760100e-04
  33  46   4.3413900e-04
  33  47   9.0621400e-04
  33  48   1.5202800e-03
  33  49   1.4077070e-03
  33  50   1.2351600e-03
  33  51   6.7349000e-04
  33  52   1.4407900e-04
  33  53   6.0182800e-05
  33  54   1.2675600e-05
  33  55   1.0200100e-06
  33  56   4.5489700e-08
  33  57   9.8502700e-09
  33  58   0.0000000e+00
  33  59   8.9979100e-13
  33  60   0.0000000e+00
  33  61   0.0000000e+00
  33  62   0.0000000e+00
  34  40   2.2979100e-11
  34  41   9.0580800e-13
  34  42   5.5358800e-08
  34  43   7.1891302e-05
  34  44   1.8771800e-04
  34  45   8.6238200e-04
  34  46   9.3865800e-04
  34  47   2.0369780e-03
  34  48   2.2835900e-03
  34  49   2.7967100e-03
  34  50   4.0302600e-03
  34  51   4.1359800e-03
  34  52   2.9757000e-03
  34  53   1.3791500e-03
  34  54   4.2099000e-04
  34  55   5.0374200e-05
  34  56   1.2154400e-05
  34  57   5.7732900e-07
  34  58   2.2594800e-08
  34  59   4.6920500e-09
  34  60   2.2795100e-09
  34  61   7.7615100e-13
  34  62   4.7589900e-14
  35  42   5.8230300e-13
  35  43   3.3692900e-11
  35  44   4.3642990e-04
  35  45   2.5681800e-08
  35  46   1.7659100e-03
  35  47   1.6583550e-05
  35  48   2.9672800e-03
  35  49   4.7884460e-03
  35  50   5.6164500e-03
  35  51   6.7596600e-03
  35  52   6.9091800e-03
  35  53   5.0770800e-03
  35  54   3.4840200e-03
  35  55   2.1457400e-03
  35  56   1.9878700e-04
  35  57   2.4655200e-05
  35  58   6.5885800e-05
  35  59   2.7106200e-05
  35  60   1.0898700e-08
  35  61   6.1987300e-09
  35  62   7.7216800e-10
  35  63   0.0000000e+00
  35  64   0.0000000e+00
  35  65   0.0000000e+00
  36  43   3.6398800e-13
  36  44   1.3479800e-08
  36  45   2.6823700e-09
  36  46   1.2882200e-05
  36  47   5.9354900e-03
  36  48   4.8145400e-03
  36  49   6.9453400e-03
  36  50   7.6445200e-03
  36  51   9.9047900e-03
  36  52   1.2693100e-02
  36  53   1.4544300e-02
  36  54   1.2611700e-02
  36  55   7.1348400e-03
  36  56   3.1474400e-03
  36  57   6.7634000e-04
  36  58   2.2393200e-04
  36  59   1.1145700e-05
  36  60   8.1557400e-05
  36  61   1.6066300e-05
  36  62   2.2395200e-09
  36  63   2.6108600e-11
  36  64   6.5186200e-13
  36  65   0.0000000e+00
  36  66   0.0000000e+00
  37  44   3.7445200e-15
  37  45   0.0000000e+00
  37  46   5.0090300e-10
  37  47   3.9991200e-08
  37  48   5.7406700e-03
  37  49   3.0060500e-06
  37  50   1.0051400e-02
  37  51   1.3266100e-02
  37  52   1.7092800e-02
  37  53   2.0258880e-02
  37  54   2.0967100e-02
  37  55   1.9231900e-02
  37  56   1.4217600e-02
  37  57   7.2615900e-03
  37  58   4.3353700e-03
  37  59   4.7030300e-04
  37  60   6.8528600e-05
  37  61   6.5764380e-06
  37  62   3.6661500e-07
  37  63   2.0596100e-08
  37  64   1.3886500e-10
  37  65   3.1970400e-12
  37  66   7.0412000e-13
  37  67   0.0000000e+00
  37  68   0.0000000e+00
  38  45   8.7177700e-15
  38  46   7.8301700e-10
  38  47   1.3136950e-10
  38  48   1.8396200e-06
  38  49   1.0051757e-02
  38  50   1.3272900e-02
  38  51   1.7243800e-02
  38  52   2.1028200e-02
  38  53   2.4829300e-02
  38  54   2.9669000e-02
  38  55   3.6219400e-02
  38  56   3.6119800e-02
  38  57   3.0135000e-02
  38  58   1.8641200e-02
  38  59   7.9165800e-03
  38  60   3.2790900e-03
  38  61   3.7493400e-04
  38  62   6.7605100e-05
  38  63   2.8893500e-06
  38  64   8.0282700e-08
  38  65   1.4650300e-08
  38  66   9.4379900e-11
  38  67   4.4606000e-12
  38  68   0.0000000e+00
  38  69   0.0000000e+00
  39  47   0.0000000e+00
  39  48   1.0176900e-12
  39  49   2.7432590e-09
  39  50   1.7245694e-02
  39  51   2.1031233e-02
  39  52   3.9548400e-02
  39  53   3.0119700e-02
  39  54   5.0578100e-02
  39  55   4.2869200e-02
  39  56   4.6909500e-02
  39  57   4.3503000e-02
  39  58   4.0920950e-02
  39  59   2.7011480e-02
  39  60   1.4813500e-02
  39  61   4.1657790e-03
  39  62   8.4286700e-04
  39  63   6.8643700e-05
  39  64   1.0116400e-05
  39  65   7.3393100e-07
  39  66   6.2635600e-08
  39  67   7.2859200e-11
  39  68   6.8067300e-12
  39  69   1.8115300e-13
  39  70   0.0000000e+00
  40  48   4.8589700e-14
  40  49   4.3309700e-12
  40  50   2.1030101e-02
  40  51   2.4854100e-02
  40  52   3.0120700e-02
  40  53   3.7976400e-02
  40  54   4.3170600e-02
  40  55   4.8164100e-02
  40  56   4.8901600e-02
  40  57   5.4473000e-02
  40  58   5.5800000e-02
  40  59   5.2249900e-02
  40  60   5.1910200e-02
  40  61   2.4109500e-02
  40  62   1.2243400e-02
  40  63   2.2436400e-03
  40  64   6.1070800e-04
  40  65   6.4053900e-05
  40  66   1.8295900e-06
  40  67   1.4162600e-07
  40  68   4.5489800e-09
  40  69   0.0000000e+00
  40  70   0.0000000e+00
  40  71   0.0000000e+00
  40  72   0.0000000e+00
  41  49   0.0000000e+00
  41  50   5.3922900e-13
  41  51   2.4803700e-11
  41  52   7.5003400e-02
  41  53   2.2880540e-07
  41  54   4.8663282e-02
  41  55   3.6032400e-05
  41  56   1.0720370e-01
  41  57   5.7579079e-02
  41  58   6.2632200e-02
  41  59   6.6913300e-02
  41  60   5.8659800e-02
  41  61   4.3019040e-02
  41  62   2.9264200e-02
  41  63   1.2241960e-02
  41  64   5.0051800e-03
  41  65   3.5030100e-04
  41  66   9.7807100e-05
  41  67   9.3223100e-06
  41  68   1.7796200e-11
  41  69   0.0000000e+00
  41  70   1.0375200e-16
  41  71   2.0217500e-18
  41  72   0.0000000e+00
  41  73   2.1658700e-13
  41  74   0.0000000e+00
  42  50   0.0000000e+00
  42  51   1.5712080e-13
  42  52   1.6218000e-07
  42  53   4.8171000e-02
  42  54   3.6077500e-05
  42  55   5.5277200e-02
  42  56   5.7598600e-02
  42  57   6.2187200e-02
  42  58   6.8332500e-02
  42  59   6.0039900e-02
  42  60   6.0581800e-02
  42  61   6.7389600e-02
  42  62   5.5243400e-02
  42  63   4.0071000e-02
  42  64   2.1991000e-02
  42  65   5.9515100e-03
  42  66   2.1578600e-03
  42  67   5.9147500e-05
  42  68   8.3182400e-08
  42  69   2.5294600e-09
  42  70   5.9487400e-11
  42  71   4.7823600e-14
  42  72   5.4388500e-09
  42  73   1.2550700e-12
  42  74   1.1597600e-13
  42  75   0.0000000e+00
  43  52   0.0000000e+00
  43  53   0.0000000e+00
  43  54   9.7024100e-11
  43  55   4.1691200e-09
  43  56   1.1722080e-01
  43  57   3.0693500e-06
  43  58   6.0164200e-02
  43  59   6.1265698e-02
  43  60   6.9922300e-02
  43  61   6.0663500e-02
  43  62   5.6009900e-02
  43  63   4.0241700e-02
  43  64   2.4153900e-02
  43  65   8.4170300e-03
  43  66   4.0960000e-03
  43  67   4.0166800e-04
  43  68   6.6988300e-05
  43  69   6.0887600e-06
  43  70   7.8706700e-07
  43  71   2.6546500e-06
  43  72   1.7623700e-08
  43  73   1.4598000e-09
  43  74   4.1131100e-12
  43  75   8.8784800e-14
  43  76   1.4943600e-15
  43  77   0.0000000e+00
  44  54   4.1692100e-09
  44  55   6.2187300e-02
  44  56   3.0699900e-06
  44  57   6.0164300e-02
  44  58   6.1255600e-02
  44  59   6.9945173e-02
  44  60   6.0907500e-02
  44  61   5.6464300e-02
  44  62   4.3481900e-02
  44  63   3.2526700e-02
  44  64   2.1234600e-02
  44  65   1.4049400e-02
  44  66   6.1441500e-03
  44  67   2.5153600e-03
  44  68   9.2696900e-04
  44  69   3.4919340e-04
  44  70   1.6067900e-04
  44  71   1.8024100e-05
  44  72   1.9508800e-06
  44  73   8.5580900e-08
  44  74   2.2295100e-09
  44  75   3.1093400e-11
  44  76   3.3292900e-13
  44  77   6.4720500e-15
  44  78   0.0000000e+00
  44  79   0.0000000e+00
  44  80   0.0000000e+00
  45  55   0.0000000e+00
  45  56   4.9895900e-13
  45  57   4.0657600e-11
  45  58   1.3905040e-01
  45  59   1.2300060e-07
  45  60   7.2445500e-02
  45  61   4.3486312e-02
  45  62   3.3288000e-02
  45  63   2.1631124e-02
  45  64   1.4773900e-02
  45  65   6.4528016e-03
  45  66   2.9586000e-03
  45  67   1.3192160e-03
  45  68   7.6193500e-04
  45  69   4.6226100e-04
  45  70   1.9655700e-04
  45  71   6.8470990e-05
  45  72   1.4402300e-05
  45  73   1.2619400e-06
  45  74   8.1713200e-08
  45  75   2.7497400e-09
  45  76   9.0880700e-11
  45  77   1.3097200e-12
  45  78   0.0000000e+00
  45  79   0.0000000e+00
  45  80   0.0000000e+00
  45  81   0.0000000e+00
  45  82   0.0000000e+00
  45  83   0.0000000e+00
  46  56   2.6846800e-12
  46  57   3.6392300e-14
  46  58   6.9973200e-08
  46  59   5.6465900e-02
  46  60   4.3486300e-02
  46  61   3.3288327e-02
  46  62   2.1634000e-02
  46  63   1.4773903e-02
  46  64   6.4528500e-03
  46  65   2.9589417e-03
  46  66   1.3201600e-03
  46  67   9.0501800e-04
  46  68   5.8294900e-04
  46  69   4.0349100e-04
  46  70   4.2713100e-04
  46  71   3.7778900e-04
  46  72   8.7489700e-05
  46  73   1.6613100e-05
  46  74   2.4321000e-06
  46  75   2.4702900e-07
  46  76   1.6197800e-08
  46  77   3.6192400e-10
  46  78   0.0000000e+00
  46  79   0.0000000e+00
  46  80   0.0000000e+00
  46  81   0.0000000e+00
  46  82   0.0000000e+00
  46  83   0.0000000e+00
  46  84   0.0000000e+00
  46  85   0.0000000e+00
  47  58   0.0000000e+00
  47  59   1.1507560e-13
  47  60   3.3288200e-02
  47  61   4.4127500e-10
  47  62   2.9540400e-02
  47  63   0.0000000e+00
  47  64   5.8731300e-03
  47  65   1.3201600e-03
  47  66   1.2391620e-03
  47  67   5.8575002e-04
  47  68   4.5067200e-04
  47  69   5.1475600e-04
  47  70   4.0808000e-04
  47  71   3.5558000e-04
  47  72   1.4749660e-04
  47  73   7.1555700e-05
  47  74   2.4120400e-05
  47  75   4.6648050e-06
  47  76   4.7626000e-07
  47  77   6.1586900e-12
  47  78   4.9789400e-13
  47  79   3.8691800e-14
  47  80   0.0000000e+00
  47  81   0.0000000e+00
  47  82   4.6750000e-17
  47  83   1.6996400e-10
  47  84   4.4927000e-12
  47  85   0.0000000e+00
  47  86   0.0000000e+00
  48  60   1.4545500e-10
  48  61   0.0000000e+00
  48  62   0.0000000e+00
  48  63   2.9588300e-03
  48  64   1.3201600e-03
  48  65   7.6545564e-04
  48  66   5.8439800e-04
  48  67   4.0212600e-04
  48  68   5.1175400e-04
  48  69   4.1788890e-04
  48  70   3.2400000e-04
  48  71   3.0068500e-04
  48  72   2.7296300e-04
  48  73   2.4931210e-04
  48  74   1.7393400e-04
  48  75   4.4820220e-05
  48  76   2.7394300e-06
  48  77   6.3168080e-07
  48  78   2.2995100e-07
  48  79   8.8681200e-08
  48  80   3.9591600e-08
  48  81   1.1720600e-09
  48  82   1.5498100e-06
  48  83   9.3477100e-08
  48  84   5.6787900e-09
  48  85   2.7127100e-11
  48  86   2.1395400e-13
  48  87   0.0000000e+00
  48  88   0.0000000e+00
  49  61   0.0000000e+00
  49  62   0.0000000e+00
  49  63   0.0000000e+00
  49  64   7.6544400e-04
  49  65   9.4784000e-14
  49  66   5.6827900e-04
  49  67   2.7988280e-09
  49  68   5.5711500e-04
  49  69   3.2496623e-04
  49  70   3.1609100e-04
  49  71   3.0507631e-04
  49  72   3.7134630e-04
  49  73   3.9380800e-04
  49  74   2.8476990e-04
  49  75   3.4968600e-04
  49  76   3.4197930e-04
  49  77   2.9418700e-04
  49  78   4.8392350e-04
  49  79   6.9135400e-04
  49  80   1.0699000e-04
  49  81   3.3338660e-04
  49  82   8.8571800e-05
  49  83   1.5728900e-05
  49  84   3.8091200e-07
  49  85   8.9482400e-09
  49  86   6.8711900e-11
  49  87   2.8194100e-13
  49  88   0.0000000e+00
  49  89   0.0000000e+00
  50  63   0.0000000e+00
  50  64   5.3288400e-14
  50  65   4.0212600e-04
  50  66   2.2195100e-09
  50  67   4.1894332e-04
  50  68   3.2477000e-04
  50  69   3.2222060e-04
  50  70   3.0580500e-04
  50  71   4.0517760e-04
  50  72   4.4645700e-04
  50  73   4.3087900e-04
  50  74   7.8601400e-04
  50  75   1.1097060e-03
  50  76   1.9846500e-03
  50  77   4.7903400e-03
  50  78   1.0134060e-02
  50  79   9.9053400e-03
  50  80   9.7235200e-03
  50  81   6.1644000e-03
  50  82   4.8559300e-03
  50  83   3.4295000e-04
  50  84   3.8415000e-05
  50  85   1.4296400e-06
  50  86   1.9296100e-08
  50  87   4.3490800e-10
  50  88   3.7891900e-12
  50  89   0.0000000e+00
  50  90   0.0000000e+00
  51  65   0.0000000e+00
  51  66   0.0000000e+00
  51  67   5.1688900e-14
  51  68   8.8281200e-12
  51  69   4.1791100e-10
  51  70   3.7797800e-04
  51  71   8.6586900e-07
  51  72   4.3549100e-04
  51  73   1.7911190e-06
  51  74   1.1162800e-03
  51  75   3.6638470e-03
  51  76   5.0664900e-03
  51  77   7.5858450e-03
  51  78   1.3505770e-02
  51  79   2.1512100e-02
  51  80   2.5134000e-02
  51  81   2.8854300e-02
  51  82   1.2083200e-02
  51  83   4.0207400e-03
  51  84   6.6733400e-04
  51  85   2.9237500e-05
  51  86   2.7496000e-06
  51  87   6.5088800e-08
  51  88   1.7396300e-09
  51  89   5.6137400e-11
  51  90   4.8975300e-12
  51  91   0.0000000e+00
  51  92   0.0000000e+00
  52  67   0.0000000e+00
  52  68   2.5194700e-14
  52  69   6.1762300e-12
  52  70   4.0617700e-07
  52  71   2.2177410e-08
  52  72   9.9979000e-07
  52  73   1.3596300e-03
  52  74   2.0217900e-03
  52  75   5.8824380e-03
  52  76   7.3381000e-03
  52  77   1.5883740e-02
  52  78   2.3563100e-02
  52  79   4.1172600e-02
  52  80   5.1384900e-02
  52  81   6.4941700e-02
  52  82   4.8129100e-02
  52  83   2.2450600e-02
  52  84   5.0864800e-03
  52  85   1.2942900e-03
  52  86   1.1708300e-04
  52  87   8.1294300e-06
  52  88   1.4096900e-06
  52  89   1.0190000e-07
  52  90   5.6688000e-09
  52  91   8.1965700e-12
  52  92   5.1728900e-13
  52  93   0.0000000e+00
  53  69   0.0000000e+00
  53  70   1.1597600e-12
  53  71   0.0000000e+00
  53  72   0.0000000e+00
  53  73   0.0000000e+00
  53  74   5.0665100e-03
  53  75   9.1780500e-07
  53  76   1.3214300e-02
  53  77   5.8679400e-05
  53  78   3.8561900e-02
  53  79   5.5024990e-02
  53  80   7.7086830e-02
  53  81   8.5176300e-02
  53  82   6.5382900e-02
  53  83   3.3969400e-02
  53  84   2.4252700e-02
  53  85   1.2824900e-02
  53  86   3.1952400e-03
  53  87   5.9572400e-04
  53  88   7.0370500e-05
  53  89   2.4730000e-05
  53  90   1.1509500e-07
  53  91   6.0186400e-09
  53  92   2.7244600e-11
  53  93   6.0915000e-13
  53  94   0.0000000e+00
  53  95   0.0000000e+00
  54  71   0.0000000e+00
  54  72   0.0000000e+00
  54  73   0.0000000e+00
  54  74   8.5449600e-07
  54  75   1.3214300e-02
  54  76   4.6929400e-05
  54  77   3.8986780e-02
  54  78   5.4064561e-02
  54  79   7.2478740e-02
  54  80   7.8742270e-02
  54  81   9.4381300e-02
  54  82   7.0485700e-02
  54  83   6.0065600e-02
  54  84   5.1689900e-02
  54  85   3.0835100e-02
  54  86   1.5956900e-02
  54  87   4.7945300e-03
  54  88   1.4280300e-03
  54  89   1.1770200e-04
  54  90   7.4274100e-06
  54  91   5.6686900e-07
  54  92   1.5296600e-08
  54  93   2.4554900e-11
  54  94   9.0880700e-13
  54  95   0.0000000e+00
  54  96   0.0000000e+00
  55  73   0.0000000e+00
  55  74   0.0000000e+00
  55  75   0.0000000e+00
  55  76   2.6194500e-11
  55  77   2.9793600e-09
  55  78   7.0151400e-02
  55  79   9.5387800e-06
  55  80   7.6218559e-02
  55  81   1.1543720e-03
  55  82   6.6037600e-02
  55  83   6.4982170e-02
  55  84   5.4071900e-02
  55  85   3.8720200e-02
  55  86   3.3463500e-02
  55  87   1.5385900e-02
  55  88   6.9139800e-03
  55  89   1.5837400e-03
  55  90   2.8021000e-04
  55  91   2.1280400e-05
  55  92   3.4479900e-07
  55  93   1.5097600e-08
  55  94   1.0426900e-10
  55  95   6.3386500e-12
  55  96   3.3327400e-13
  55  97   0.0000000e+00
  56  75   0.0000000e+00
  56  76   5.5773500e-11
  56  77   6.8977700e-13
  56  78   6.7006000e-06
  56  79   7.6171086e-02
  56  80   1.3612560e-03
  56  81   1.2868390e-01
  56  82   6.1224900e-02
  56  83   5.6334500e-02
  56  84   5.3530100e-02
  56  85   5.1741000e-02
  56  86   4.6248700e-02
  56  87   3.5705000e-02
  56  88   2.3137500e-02
  56  89   8.2695800e-03
  56  90   2.3937300e-03
  56  91   3.5258100e-04
  56  92   2.6435700e-05
  56  93   2.1695200e-06
  56  94   1.1998000e-07
  56  95   6.9343900e-09
  56  96   5.3588600e-11
  56  97   6.0590900e-13
  56  98   0.0000000e+00
  57  76   0.0000000e+00
  57  77   0.0000000e+00
  57  78   3.8591800e-12
  57  79   0.0000000e+00
  57  80   2.8194100e-08
  57  81   6.1586900e-07
  57  82   5.6344800e-02
  57  83   5.3632100e-02
  57  84   5.2462200e-02
  57  85   4.9241200e-02
  57  86   4.3854900e-02
  57  87   3.6227400e-02
  57  88   2.5234500e-02
  57  89   1.4005080e-02
  57  90   6.4569900e-03
  57  91   1.1966500e-03
  57  92   3.6542500e-04
  57  93   5.2227900e-05
  57  94   4.7888600e-06
  57  95   2.4100100e-07
  57  96   8.5081700e-09
  57  97   1.8196200e-10
  57  98   1.6625400e-12
  57  99   4.8970900e-14
  57 100   0.0000000e+00
  58  77   0.0000000e+00
  58  78   0.0000000e+00
  58  79   7.6303600e-14
  58  80   2.1186600e-07
  58  81   5.7684700e-09
  58  82   5.3632200e-02
  58  83   5.2464400e-02
  58  84   4.9276900e-02
  58  85   4.4121400e-02
  58  86   3.7391300e-02
  58  87   2.9796000e-02
  58  88   2.4383600e-02
  58  89   1.8617400e-02
  58  90   1.0101900e-02
  58  91   5.9804700e-03
  58  92   2.8302700e-03
  58  93   5.6084960e-04
  58  94   1.1829000e-04
  58  95   1.0615700e-05
  58  96   8.5698300e-07
  58  97   3.4592400e-08
  58  98   1.2297300e-09
  58  99   1.7896200e-11
  58 100   1.8596100e-13
  58 101   2.9405400e-15
  58 102   0.0000000e+00
  59  79   0.0000000e+00
  59  80   3.5492500e-14
  59  81   3.7692000e-12
  59  82   5.2464400e-02
  59  83   1.8536970e-08
  59  84   4.4121700e-02
  59  85   3.7499142e-02
  59  86   2.9853700e-02
  59  87   2.4578200e-02
  59  88   2.0008600e-02
  59  89   1.6279860e-02
  59  90   1.1662300e-02
  59  91   7.9232500e-03
  59  92   4.2809700e-03
  59  93   1.7228100e-03
  59  94   5.0363100e-04
  59  95   9.7836300e-05
  59  96   1.4321500e-05
  59  97   1.3009400e-06
  59  98   7.1902600e-08
  59  99   1.9597700e-09
  59 100   4.1291200e-11
  59 101   4.7589900e-13
  59 102   5.4296800e-15
  59 103   6.9674100e-17
  60  81   0.0000000e+00
  60  82   1.0896300e-08
  60  83   4.4121700e-02
  60  84   3.7394900e-02
  60  85   2.9853800e-02
  60  86   2.4579000e-02
  60  87   2.0024500e-02
  60  88   1.6417100e-02
  60  89   1.2160400e-02
  60  90   9.6599400e-03
  60  91   7.1994000e-03
  60  92   5.4232300e-03
  60  93   2.9076700e-03
  60  94   1.6047300e-03
  60  95   5.2139100e-04
  60  96   1.6136000e-04
  60  97   2.1884500e-05
  60  98   2.1914900e-06
  60  99   1.1901700e-07
  60 100   5.0594000e-09
  60 101   1.1297600e-10
  60 102   1.7496300e-12
  60 103   1.3097200e-14
  60 104   0.0000000e+00
  61  83   1.1197700e-14
  61  84   1.9995800e-12
  61  85   7.8883200e-11
  61  86   2.0024500e-02
  61  87   5.9283200e-08
  61  88   1.2162900e-02
  61  89   1.1497600e-05
  61  90   7.3070800e-03
  61  91   5.7576436e-03
  61  92   3.5906900e-03
  61  93   2.5033020e-03
  61  94   1.4422400e-03
  61  95   7.8257800e-04
  61  96   2.9591700e-04
  61  97   6.6047900e-05
  61  98   1.2326400e-05
  61  99   1.2647900e-06
  61 100   1.0409100e-07
  61 101   4.1608700e-09
  61 102   1.1898800e-10
  61 103   1.7196400e-12
  61 104   2.2195300e-14
  61 105   1.7319000e-16
  62  84   2.6820300e-11
  62  85   2.0024500e-02
  62  86   5.7606700e-08
  62  87   1.2162900e-02
  62  88   1.1523000e-05
  62  89   7.3074700e-03
  62  90   5.7619400e-03
  62  91   3.6293907e-03
  62  92   2.5970400e-03
  62  93   1.6549400e-03
  62  94   1.2280700e-03
  62  95   7.0649000e-04
  62  96   3.5898600e-04
  62  97   1.3354200e-04
  62  98   4.1176200e-05
  62  99   7.9016000e-06
  62 100   1.1139300e-06
  62 101   7.9602100e-08
  62 102   4.1708400e-09
  62 103   1.3999200e-10
  62 104   4.3490700e-12
  62 105   3.4591000e-14
  62 106   0.0000000e+00
  63  86   0.0000000e+00
  63  87   0.0000000e+00
  63  88   7.3074700e-03
  63  89   1.9646088e-09
  63  90   3.6109700e-03
  63  91   4.1263200e-07
  63  92   1.6568700e-03
  63  93   1.2398500e-03
  63  94   7.4106200e-04
  63  95   4.1277400e-04
  63  96   2.0194700e-04
  63  97   8.7066400e-05
  63  98   3.5565800e-05
  63  99   9.7420900e-06
  63 100   2.1491600e-06
  63 101   2.5611800e-07
  63 102   3.0533400e-08
  63 103   2.3938300e-09
  63 104   6.9319800e-11
  63 105   1.2297300e-12
  63 106   2.2693600e-14
  63 107   1.8950500e-16
  64  87   0.0000000e+00
  64  88   4.1313600e-10
  64  89   2.1695400e-12
  64  90   2.7998200e-07
  64  91   1.6568717e-03
  64  92   1.2398900e-03
  64  93   7.4135200e-04
  64  94   4.1429500e-04
  64  95   2.0647600e-04
  64  96   9.6734400e-05
  64  97   4.8113100e-05
  64  98   2.1679600e-05
  64  99   8.1378900e-06
  64 100   2.4756800e-06
  64 101   6.2637100e-07
  64 102   1.6136000e-07
  64 103   1.0867100e-08
  64 104   7.0008100e-10
  64 105   3.2915700e-11
  64 106   8.0901800e-13
  64 107   2.3993800e-14
  64 108   3.6563000e-16
  65  89   0.0000000e+00
  65  90   4.6490100e-14
  65  91   1.5921490e-12
  65  92   8.1682700e-11
  65  93   2.1262563e-09
  65  94   2.0648900e-04
  65  95   6.2786600e-08
  65  96   4.8398000e-05
  65  97   2.2303500e-05
  65  98   9.1476800e-06
  65  99   3.2505100e-06
  65 100   1.2592400e-06
  65 101   5.1628500e-07
  65 102   8.5351300e-08
  65 103   1.1597800e-08
  65 104   1.7925400e-09
  65 105   1.0378700e-10
  65 106   1.1221700e-11
  65 107   4.0727900e-13
  66  91   0.0000000e+00
  66  92   2.1755400e-10
  66  93   2.5894500e-12
  66  94   6.2833400e-08
  66  95   4.8398500e-05
  66  96   2.2307900e-05
  66  97   9.1650900e-06
  66  98   3.2953500e-06
  66  99   2.4217700e-06
  66 100   6.6425400e-07
  66 101   1.4913800e-07
  66 102   3.9891800e-08
  66 103   1.1500500e-08
  66 104   1.8734100e-09
  66 105   4.5412800e-10
  66 106   5.6595300e-11
  67  93   0.0000000e+00
  67  94   2.6611200e-14
  67  95   1.0570900e-12
  67  96   1.2471720e-11
  67  97   1.1972490e-10
  67  98   1.3428900e-06
  67  99   6.6613740e-07
  67 100   1.5206700e-07
  67 101   4.4808390e-08
  67 102   1.4619800e-08
  67 103   3.0391630e-09
  67 104   1.3409400e-09
  67 105   2.9754400e-10
  68  95   0.0000000e+00
  68  96   2.8166000e-11
  68  97   2.1095500e-13
  68  98   6.6614000e-07
  68  99   1.7032870e-07
  68 100   4.2647000e-08
  68 101   1.4730800e-08
  68 102   3.1741400e-09
  68 103   1.5678900e-09
  68 104   4.8850400e-10
  69  97   0.0000000e+00
  69  98   0.0000000e+00
  69  99   1.5796600e-14
  69 100   1.4730900e-08
  69 101   4.5290300e-13
  69 102   1.5706000e-09
  69 103   4.9390300e-10
  70  98   1.5796600e-18
  70  99   0.0000000e+00
  70 100   4.5257200e-13
  70 101   1.5706027e-09
  70 102   4.9392200e-10
  71 101   0.0000000e+00
