# 3D Plot Data for Pu-239 Neutron-induced Fission Yields at 0.0253 (eV)
# JENDL FP Fission Yields Data File 2011 (FPY-2011)
# *) Raw Data
# [Cumulative]
#  Z   A   Fission Yield
  23  66   0.0000000e+00
  24  66   4.7253900e-15
  24  67   3.4386400e-16
  24  68   0.0000000e+00
  24  69   1.9010300e-18
  24  70   0.0000000e+00
  25  66   3.6939400e-12
  25  67   7.5818300e-13
  25  68   1.5796600e-13
  25  69   2.6694400e-14
  25  70   0.0000000e+00
  25  71   0.0000000e+00
  25  72   9.0775400e-18
  25  73   0.0000000e+00
  26  66   3.6661700e-10
  26  67   1.8272000e-10
  26  68   1.3512900e-10
  26  69   5.8714300e-11
  26  70   1.8396100e-11
  26  71   1.8296100e-12
  26  72   2.2795200e-13
  26  73   0.0000000e+00
  26  74   0.0000000e+00
  26  75   0.0000000e+00
  26  76   0.0000000e+00
  27  66   1.5163800e-09
  27  67   2.0423300e-09
  27  68   4.0713700e-09
  27  69   4.7177200e-09
  27  70   3.0329300e-09
  27  71   1.2915500e-09
  27  72   4.1314000e-10
  27  73   6.7985600e-11
  27  74   7.2584600e-12
  27  75   5.4988300e-13
  27  76   2.1495400e-14
  27  77   1.6577400e-15
  27  78   0.0000000e+00
  28  66   2.2167000e-09
  28  67   4.3093700e-09
  28  68   1.5410500e-08
  28  69   3.7173800e-08
  28  70   9.5839600e-08
  28  71   7.5980900e-08
  28  72   8.5389400e-08
  28  73   3.4941600e-08
  28  74   1.3504600e-08
  28  75   2.6397900e-09
  28  76   3.9393200e-10
  28  77   3.4491800e-11
  28  78   2.3794900e-12
  28  79   8.0455500e-14
  28  80   0.0000000e+00
  28  81   0.0000000e+00
  28  82   0.0000000e+00
  29  66   2.2305000e-09
  29  67   4.4653400e-09
  29  68   1.8042710e-08
  29  69   5.3770300e-08
  29  70   2.0953720e-07
  29  71   2.8793600e-07
  29  72   6.0831300e-07
  29  73   7.4584200e-07
  29  74   6.4332800e-07
  29  75   4.4452000e-07
  29  76   1.4247710e-07
  29  77   5.4306300e-08
  29  78   9.7900500e-09
  29  79   1.1297500e-09
  29  80   7.2284600e-11
  29  81   2.7994100e-12
  29  82   3.3592900e-14
  29  83   0.0000000e+00
  29  84   0.0000000e+00
  30  66   2.2305300e-09
  30  67   4.4663400e-09
  30  68   1.7103700e-08
  30  69   5.5337131e-08
  30  70   2.0224500e-07
  30  71   3.6497400e-07
  30  72   1.1904100e-06
  30  73   2.4898890e-06
  30  74   5.0779100e-06
  30  75   7.2699800e-06
  30  76   8.7658800e-06
  30  77   7.2244900e-06
  30  78   4.4031200e-06
  30  79   1.2902500e-06
  30  80   3.2998800e-07
  30  81   3.5493300e-08
  30  82   1.7496400e-09
  30  83   4.9089600e-11
  30  84   1.0297800e-12
  30  85   2.0363000e-14
  30  86   0.0000000e+00
  31  67   2.9153700e-16
  31  68   2.0295600e-14
  31  69   5.4636900e-08
  31  70   7.7683500e-11
  31  71   3.6628100e-07
  31  72   1.2667213e-06
  31  73   2.7108400e-06
  31  74   9.8010700e-06
  31  75   1.3098800e-05
  31  76   2.4162600e-05
  31  77   4.3997600e-05
  31  78   5.9528100e-05
  31  79   5.6195100e-05
  31  80   3.6581700e-05
  31  81   1.5139900e-05
  31  82   2.0210400e-06
  31  83   2.2898900e-07
  31  84   1.3497900e-08
  31  85   2.8593900e-10
  31  86   1.1797500e-11
  31  87   4.4878900e-13
  31  88   0.0000000e+00
  31  89   0.0000000e+00
  32  69   0.0000000e+00
  32  70   7.7410500e-11
  32  71   3.6232400e-12
  32  72   1.2144300e-06
  32  73   5.3845400e-06
  32  74   6.3736800e-06
  32  75   1.5159130e-05
  32  76   2.9281500e-05
  32  77   7.9715800e-05
  32  78   1.7772400e-04
  32  79   3.6444800e-04
  32  80   5.8683200e-04
  32  81   4.9469100e-04
  32  82   2.7272800e-04
  32  83   8.0467600e-05
  32  84   1.8550300e-05
  32  85   1.0798900e-06
  32  86   1.7497000e-07
  32  87   9.3376900e-09
  32  88   2.7194300e-10
  32  89   3.2395800e-12
  32  90   8.4659900e-13
  32  91   0.0000000e+00
  33  72   1.6496500e-14
  33  73   1.4296900e-12
  33  74   6.7585600e-11
  33  75   1.3707100e-05
  33  76   5.5288200e-08
  33  77   7.1670700e-05
  33  78   1.8760100e-04
  33  79   4.3413900e-04
  33  80   9.0621400e-04
  33  81   1.5202800e-03
  33  82   1.4077070e-03
  33  83   1.2351600e-03
  33  84   6.7349000e-04
  33  85   1.4407900e-04
  33  86   6.0182800e-05
  33  87   1.2675600e-05
  33  88   1.0200100e-06
  33  89   4.5489700e-08
  33  90   9.8502700e-09
  33  91   0.0000000e+00
  33  92   8.9979100e-13
  33  93   0.0000000e+00
  33  94   0.0000000e+00
  33  95   0.0000000e+00
  34  74   2.2979100e-11
  34  75   9.0580800e-13
  34  76   5.5358800e-08
  34  77   7.1891302e-05
  34  78   1.8771800e-04
  34  79   8.6238200e-04
  34  80   9.3865800e-04
  34  81   2.0369780e-03
  34  82   2.2835900e-03
  34  83   2.7967100e-03
  34  84   4.0302600e-03
  34  85   4.1359800e-03
  34  86   2.9757000e-03
  34  87   1.3791500e-03
  34  88   4.2099000e-04
  34  89   5.0374200e-05
  34  90   1.2154400e-05
  34  91   5.7732900e-07
  34  92   2.2594800e-08
  34  93   4.6920500e-09
  34  94   2.2795100e-09
  34  95   7.7615100e-13
  34  96   4.7589900e-14
  35  77   5.8230300e-13
  35  78   3.3692900e-11
  35  79   4.3642990e-04
  35  80   2.5681800e-08
  35  81   1.7659100e-03
  35  82   1.6583550e-05
  35  83   2.9672800e-03
  35  84   4.7884460e-03
  35  85   5.6164500e-03
  35  86   6.7596600e-03
  35  87   6.9091800e-03
  35  88   5.0770800e-03
  35  89   3.4840200e-03
  35  90   2.1457400e-03
  35  91   1.9878700e-04
  35  92   2.4655200e-05
  35  93   6.5885800e-05
  35  94   2.7106200e-05
  35  95   1.0898700e-08
  35  96   6.1987300e-09
  35  97   7.7216800e-10
  35  98   0.0000000e+00
  35  99   0.0000000e+00
  35 100   0.0000000e+00
  36  79   3.6398800e-13
  36  80   1.3479800e-08
  36  81   2.6823700e-09
  36  82   1.2882200e-05
  36  83   5.9354900e-03
  36  84   4.8145400e-03
  36  85   6.9453400e-03
  36  86   7.6445200e-03
  36  87   9.9047900e-03
  36  88   1.2693100e-02
  36  89   1.4544300e-02
  36  90   1.2611700e-02
  36  91   7.1348400e-03
  36  92   3.1474400e-03
  36  93   6.7634000e-04
  36  94   2.2393200e-04
  36  95   1.1145700e-05
  36  96   8.1557400e-05
  36  97   1.6066300e-05
  36  98   2.2395200e-09
  36  99   2.6108600e-11
  36 100   6.5186200e-13
  36 101   0.0000000e+00
  36 102   0.0000000e+00
  37  81   3.7445200e-15
  37  82   0.0000000e+00
  37  83   5.0090300e-10
  37  84   3.9991200e-08
  37  85   5.7406700e-03
  37  86   3.0060500e-06
  37  87   1.0051400e-02
  37  88   1.3266100e-02
  37  89   1.7092800e-02
  37  90   2.0258880e-02
  37  91   2.0967100e-02
  37  92   1.9231900e-02
  37  93   1.4217600e-02
  37  94   7.2615900e-03
  37  95   4.3353700e-03
  37  96   4.7030300e-04
  37  97   6.8528600e-05
  37  98   6.5764380e-06
  37  99   3.6661500e-07
  37 100   2.0596100e-08
  37 101   1.3886500e-10
  37 102   3.1970400e-12
  37 103   7.0412000e-13
  37 104   0.0000000e+00
  37 105   0.0000000e+00
  38  83   8.7177700e-15
  38  84   7.8301700e-10
  38  85   1.3136950e-10
  38  86   1.8396200e-06
  38  87   1.0051757e-02
  38  88   1.3272900e-02
  38  89   1.7243800e-02
  38  90   2.1028200e-02
  38  91   2.4829300e-02
  38  92   2.9669000e-02
  38  93   3.6219400e-02
  38  94   3.6119800e-02
  38  95   3.0135000e-02
  38  96   1.8641200e-02
  38  97   7.9165800e-03
  38  98   3.2790900e-03
  38  99   3.7493400e-04
  38 100   6.7605100e-05
  38 101   2.8893500e-06
  38 102   8.0282700e-08
  38 103   1.4650300e-08
  38 104   9.4379900e-11
  38 105   4.4606000e-12
  38 106   0.0000000e+00
  38 107   0.0000000e+00
  39  86   0.0000000e+00
  39  87   1.0176900e-12
  39  88   2.7432590e-09
  39  89   1.7245694e-02
  39  90   2.1031233e-02
  39  91   3.9548400e-02
  39  92   3.0119700e-02
  39  93   5.0578100e-02
  39  94   4.2869200e-02
  39  95   4.6909500e-02
  39  96   4.3503000e-02
  39  97   4.0920950e-02
  39  98   2.7011480e-02
  39  99   1.4813500e-02
  39 100   4.1657790e-03
  39 101   8.4286700e-04
  39 102   6.8643700e-05
  39 103   1.0116400e-05
  39 104   7.3393100e-07
  39 105   6.2635600e-08
  39 106   7.2859200e-11
  39 107   6.8067300e-12
  39 108   1.8115300e-13
  39 109   0.0000000e+00
  40  88   4.8589700e-14
  40  89   4.3309700e-12
  40  90   2.1030101e-02
  40  91   2.4854100e-02
  40  92   3.0120700e-02
  40  93   3.7976400e-02
  40  94   4.3170600e-02
  40  95   4.8164100e-02
  40  96   4.8901600e-02
  40  97   5.4473000e-02
  40  98   5.5800000e-02
  40  99   5.2249900e-02
  40 100   5.1910200e-02
  40 101   2.4109500e-02
  40 102   1.2243400e-02
  40 103   2.2436400e-03
  40 104   6.1070800e-04
  40 105   6.4053900e-05
  40 106   1.8295900e-06
  40 107   1.4162600e-07
  40 108   4.5489800e-09
  40 109   0.0000000e+00
  40 110   0.0000000e+00
  40 111   0.0000000e+00
  40 112   0.0000000e+00
  41  90   0.0000000e+00
  41  91   5.3922900e-13
  41  92   2.4803700e-11
  41  93   7.5003400e-02
  41  94   2.2880540e-07
  41  95   4.8663282e-02
  41  96   3.6032400e-05
  41  97   1.0720370e-01
  41  98   5.7579079e-02
  41  99   6.2632200e-02
  41 100   6.6913300e-02
  41 101   5.8659800e-02
  41 102   4.3019040e-02
  41 103   2.9264200e-02
  41 104   1.2241960e-02
  41 105   5.0051800e-03
  41 106   3.5030100e-04
  41 107   9.7807100e-05
  41 108   9.3223100e-06
  41 109   1.7796200e-11
  41 110   0.0000000e+00
  41 111   1.0375200e-16
  41 112   2.0217500e-18
  41 113   0.0000000e+00
  41 114   2.1658700e-13
  41 115   0.0000000e+00
  42  92   0.0000000e+00
  42  93   1.5712080e-13
  42  94   1.6218000e-07
  42  95   4.8171000e-02
  42  96   3.6077500e-05
  42  97   5.5277200e-02
  42  98   5.7598600e-02
  42  99   6.2187200e-02
  42 100   6.8332500e-02
  42 101   6.0039900e-02
  42 102   6.0581800e-02
  42 103   6.7389600e-02
  42 104   5.5243400e-02
  42 105   4.0071000e-02
  42 106   2.1991000e-02
  42 107   5.9515100e-03
  42 108   2.1578600e-03
  42 109   5.9147500e-05
  42 110   8.3182400e-08
  42 111   2.5294600e-09
  42 112   5.9487400e-11
  42 113   4.7823600e-14
  42 114   5.4388500e-09
  42 115   1.2550700e-12
  42 116   1.1597600e-13
  42 117   0.0000000e+00
  43  95   0.0000000e+00
  43  96   0.0000000e+00
  43  97   9.7024100e-11
  43  98   4.1691200e-09
  43  99   1.1722080e-01
  43 100   3.0693500e-06
  43 101   6.0164200e-02
  43 102   6.1265698e-02
  43 103   6.9922300e-02
  43 104   6.0663500e-02
  43 105   5.6009900e-02
  43 106   4.0241700e-02
  43 107   2.4153900e-02
  43 108   8.4170300e-03
  43 109   4.0960000e-03
  43 110   4.0166800e-04
  43 111   6.6988300e-05
  43 112   6.0887600e-06
  43 113   7.8706700e-07
  43 114   2.6546500e-06
  43 115   1.7623700e-08
  43 116   1.4598000e-09
  43 117   4.1131100e-12
  43 118   8.8784800e-14
  43 119   1.4943600e-15
  43 120   0.0000000e+00
  44  98   4.1692100e-09
  44  99   6.2187300e-02
  44 100   3.0699900e-06
  44 101   6.0164300e-02
  44 102   6.1255600e-02
  44 103   6.9945173e-02
  44 104   6.0907500e-02
  44 105   5.6464300e-02
  44 106   4.3481900e-02
  44 107   3.2526700e-02
  44 108   2.1234600e-02
  44 109   1.4049400e-02
  44 110   6.1441500e-03
  44 111   2.5153600e-03
  44 112   9.2696900e-04
  44 113   3.4919340e-04
  44 114   1.6067900e-04
  44 115   1.8024100e-05
  44 116   1.9508800e-06
  44 117   8.5580900e-08
  44 118   2.2295100e-09
  44 119   3.1093400e-11
  44 120   3.3292900e-13
  44 121   6.4720500e-15
  44 122   0.0000000e+00
  44 123   0.0000000e+00
  44 124   0.0000000e+00
  45 100   0.0000000e+00
  45 101   4.9895900e-13
  45 102   4.0657600e-11
  45 103   1.3905040e-01
  45 104   1.2300060e-07
  45 105   7.2445500e-02
  45 106   4.3486312e-02
  45 107   3.3288000e-02
  45 108   2.1631124e-02
  45 109   1.4773900e-02
  45 110   6.4528016e-03
  45 111   2.9586000e-03
  45 112   1.3192160e-03
  45 113   7.6193500e-04
  45 114   4.6226100e-04
  45 115   1.9655700e-04
  45 116   6.8470990e-05
  45 117   1.4402300e-05
  45 118   1.2619400e-06
  45 119   8.1713200e-08
  45 120   2.7497400e-09
  45 121   9.0880700e-11
  45 122   1.3097200e-12
  45 123   0.0000000e+00
  45 124   0.0000000e+00
  45 125   0.0000000e+00
  45 126   0.0000000e+00
  45 127   0.0000000e+00
  45 128   0.0000000e+00
  46 102   2.6846800e-12
  46 103   3.6392300e-14
  46 104   6.9973200e-08
  46 105   5.6465900e-02
  46 106   4.3486300e-02
  46 107   3.3288327e-02
  46 108   2.1634000e-02
  46 109   1.4773903e-02
  46 110   6.4528500e-03
  46 111   2.9589417e-03
  46 112   1.3201600e-03
  46 113   9.0501800e-04
  46 114   5.8294900e-04
  46 115   4.0349100e-04
  46 116   4.2713100e-04
  46 117   3.7778900e-04
  46 118   8.7489700e-05
  46 119   1.6613100e-05
  46 120   2.4321000e-06
  46 121   2.4702900e-07
  46 122   1.6197800e-08
  46 123   3.6192400e-10
  46 124   0.0000000e+00
  46 125   0.0000000e+00
  46 126   0.0000000e+00
  46 127   0.0000000e+00
  46 128   0.0000000e+00
  46 129   0.0000000e+00
  46 130   0.0000000e+00
  46 131   0.0000000e+00
  47 105   0.0000000e+00
  47 106   1.1507560e-13
  47 107   3.3288200e-02
  47 108   4.4127500e-10
  47 109   2.9540400e-02
  47 110   0.0000000e+00
  47 111   5.8731300e-03
  47 112   1.3201600e-03
  47 113   1.2391620e-03
  47 114   5.8575002e-04
  47 115   4.5067200e-04
  47 116   5.1475600e-04
  47 117   4.0808000e-04
  47 118   3.5558000e-04
  47 119   1.4749660e-04
  47 120   7.1555700e-05
  47 121   2.4120400e-05
  47 122   4.6648050e-06
  47 123   4.7626000e-07
  47 124   6.1586900e-12
  47 125   4.9789400e-13
  47 126   3.8691800e-14
  47 127   0.0000000e+00
  47 128   0.0000000e+00
  47 129   4.6750000e-17
  47 130   1.6996400e-10
  47 131   4.4927000e-12
  47 132   0.0000000e+00
  47 133   0.0000000e+00
  48 108   1.4545500e-10
  48 109   0.0000000e+00
  48 110   0.0000000e+00
  48 111   2.9588300e-03
  48 112   1.3201600e-03
  48 113   7.6545564e-04
  48 114   5.8439800e-04
  48 115   4.0212600e-04
  48 116   5.1175400e-04
  48 117   4.1788890e-04
  48 118   3.2400000e-04
  48 119   3.0068500e-04
  48 120   2.7296300e-04
  48 121   2.4931210e-04
  48 122   1.7393400e-04
  48 123   4.4820220e-05
  48 124   2.7394300e-06
  48 125   6.3168080e-07
  48 126   2.2995100e-07
  48 127   8.8681200e-08
  48 128   3.9591600e-08
  48 129   1.1720600e-09
  48 130   1.5498100e-06
  48 131   9.3477100e-08
  48 132   5.6787900e-09
  48 133   2.7127100e-11
  48 134   2.1395400e-13
  48 135   0.0000000e+00
  48 136   0.0000000e+00
  49 110   0.0000000e+00
  49 111   0.0000000e+00
  49 112   0.0000000e+00
  49 113   7.6544400e-04
  49 114   9.4784000e-14
  49 115   5.6827900e-04
  49 116   2.7988280e-09
  49 117   5.5711500e-04
  49 118   3.2496623e-04
  49 119   3.1609100e-04
  49 120   3.0507631e-04
  49 121   3.7134630e-04
  49 122   3.9380800e-04
  49 123   2.8476990e-04
  49 124   3.4968600e-04
  49 125   3.4197930e-04
  49 126   2.9418700e-04
  49 127   4.8392350e-04
  49 128   6.9135400e-04
  49 129   1.0699000e-04
  49 130   3.3338660e-04
  49 131   8.8571800e-05
  49 132   1.5728900e-05
  49 133   3.8091200e-07
  49 134   8.9482400e-09
  49 135   6.8711900e-11
  49 136   2.8194100e-13
  49 137   0.0000000e+00
  49 138   0.0000000e+00
  50 113   0.0000000e+00
  50 114   5.3288400e-14
  50 115   4.0212600e-04
  50 116   2.2195100e-09
  50 117   4.1894332e-04
  50 118   3.2477000e-04
  50 119   3.2222060e-04
  50 120   3.0580500e-04
  50 121   4.0517760e-04
  50 122   4.4645700e-04
  50 123   4.3087900e-04
  50 124   7.8601400e-04
  50 125   1.1097060e-03
  50 126   1.9846500e-03
  50 127   4.7903400e-03
  50 128   1.0134060e-02
  50 129   9.9053400e-03
  50 130   9.7235200e-03
  50 131   6.1644000e-03
  50 132   4.8559300e-03
  50 133   3.4295000e-04
  50 134   3.8415000e-05
  50 135   1.4296400e-06
  50 136   1.9296100e-08
  50 137   4.3490800e-10
  50 138   3.7891900e-12
  50 139   0.0000000e+00
  50 140   0.0000000e+00
  51 116   0.0000000e+00
  51 117   0.0000000e+00
  51 118   5.1688900e-14
  51 119   8.8281200e-12
  51 120   4.1791100e-10
  51 121   3.7797800e-04
  51 122   8.6586900e-07
  51 123   4.3549100e-04
  51 124   1.7911190e-06
  51 125   1.1162800e-03
  51 126   3.6638470e-03
  51 127   5.0664900e-03
  51 128   7.5858450e-03
  51 129   1.3505770e-02
  51 130   2.1512100e-02
  51 131   2.5134000e-02
  51 132   2.8854300e-02
  51 133   1.2083200e-02
  51 134   4.0207400e-03
  51 135   6.6733400e-04
  51 136   2.9237500e-05
  51 137   2.7496000e-06
  51 138   6.5088800e-08
  51 139   1.7396300e-09
  51 140   5.6137400e-11
  51 141   4.8975300e-12
  51 142   0.0000000e+00
  51 143   0.0000000e+00
  52 119   0.0000000e+00
  52 120   2.5194700e-14
  52 121   6.1762300e-12
  52 122   4.0617700e-07
  52 123   2.2177410e-08
  52 124   9.9979000e-07
  52 125   1.3596300e-03
  52 126   2.0217900e-03
  52 127   5.8824380e-03
  52 128   7.3381000e-03
  52 129   1.5883740e-02
  52 130   2.3563100e-02
  52 131   4.1172600e-02
  52 132   5.1384900e-02
  52 133   6.4941700e-02
  52 134   4.8129100e-02
  52 135   2.2450600e-02
  52 136   5.0864800e-03
  52 137   1.2942900e-03
  52 138   1.1708300e-04
  52 139   8.1294300e-06
  52 140   1.4096900e-06
  52 141   1.0190000e-07
  52 142   5.6688000e-09
  52 143   8.1965700e-12
  52 144   5.1728900e-13
  52 145   0.0000000e+00
  53 122   0.0000000e+00
  53 123   1.1597600e-12
  53 124   0.0000000e+00
  53 125   0.0000000e+00
  53 126   0.0000000e+00
  53 127   5.0665100e-03
  53 128   9.1780500e-07
  53 129   1.3214300e-02
  53 130   5.8679400e-05
  53 131   3.8561900e-02
  53 132   5.5024990e-02
  53 133   7.7086830e-02
  53 134   8.5176300e-02
  53 135   6.5382900e-02
  53 136   3.3969400e-02
  53 137   2.4252700e-02
  53 138   1.2824900e-02
  53 139   3.1952400e-03
  53 140   5.9572400e-04
  53 141   7.0370500e-05
  53 142   2.4730000e-05
  53 143   1.1509500e-07
  53 144   6.0186400e-09
  53 145   2.7244600e-11
  53 146   6.0915000e-13
  53 147   0.0000000e+00
  53 148   0.0000000e+00
  54 125   0.0000000e+00
  54 126   0.0000000e+00
  54 127   0.0000000e+00
  54 128   8.5449600e-07
  54 129   1.3214300e-02
  54 130   4.6929400e-05
  54 131   3.8986780e-02
  54 132   5.4064561e-02
  54 133   7.2478740e-02
  54 134   7.8742270e-02
  54 135   9.4381300e-02
  54 136   7.0485700e-02
  54 137   6.0065600e-02
  54 138   5.1689900e-02
  54 139   3.0835100e-02
  54 140   1.5956900e-02
  54 141   4.7945300e-03
  54 142   1.4280300e-03
  54 143   1.1770200e-04
  54 144   7.4274100e-06
  54 145   5.6686900e-07
  54 146   1.5296600e-08
  54 147   2.4554900e-11
  54 148   9.0880700e-13
  54 149   0.0000000e+00
  54 150   0.0000000e+00
  55 128   0.0000000e+00
  55 129   0.0000000e+00
  55 130   0.0000000e+00
  55 131   2.6194500e-11
  55 132   2.9793600e-09
  55 133   7.0151400e-02
  55 134   9.5387800e-06
  55 135   7.6218559e-02
  55 136   1.1543720e-03
  55 137   6.6037600e-02
  55 138   6.4982170e-02
  55 139   5.4071900e-02
  55 140   3.8720200e-02
  55 141   3.3463500e-02
  55 142   1.5385900e-02
  55 143   6.9139800e-03
  55 144   1.5837400e-03
  55 145   2.8021000e-04
  55 146   2.1280400e-05
  55 147   3.4479900e-07
  55 148   1.5097600e-08
  55 149   1.0426900e-10
  55 150   6.3386500e-12
  55 151   3.3327400e-13
  55 152   0.0000000e+00
  56 131   0.0000000e+00
  56 132   5.5773500e-11
  56 133   6.8977700e-13
  56 134   6.7006000e-06
  56 135   7.6171086e-02
  56 136   1.3612560e-03
  56 137   1.2868390e-01
  56 138   6.1224900e-02
  56 139   5.6334500e-02
  56 140   5.3530100e-02
  56 141   5.1741000e-02
  56 142   4.6248700e-02
  56 143   3.5705000e-02
  56 144   2.3137500e-02
  56 145   8.2695800e-03
  56 146   2.3937300e-03
  56 147   3.5258100e-04
  56 148   2.6435700e-05
  56 149   2.1695200e-06
  56 150   1.1998000e-07
  56 151   6.9343900e-09
  56 152   5.3588600e-11
  56 153   6.0590900e-13
  56 154   0.0000000e+00
  57 133   0.0000000e+00
  57 134   0.0000000e+00
  57 135   3.8591800e-12
  57 136   0.0000000e+00
  57 137   2.8194100e-08
  57 138   6.1586900e-07
  57 139   5.6344800e-02
  57 140   5.3632100e-02
  57 141   5.2462200e-02
  57 142   4.9241200e-02
  57 143   4.3854900e-02
  57 144   3.6227400e-02
  57 145   2.5234500e-02
  57 146   1.4005080e-02
  57 147   6.4569900e-03
  57 148   1.1966500e-03
  57 149   3.6542500e-04
  57 150   5.2227900e-05
  57 151   4.7888600e-06
  57 152   2.4100100e-07
  57 153   8.5081700e-09
  57 154   1.8196200e-10
  57 155   1.6625400e-12
  57 156   4.8970900e-14
  57 157   0.0000000e+00
  58 135   0.0000000e+00
  58 136   0.0000000e+00
  58 137   7.6303600e-14
  58 138   2.1186600e-07
  58 139   5.7684700e-09
  58 140   5.3632200e-02
  58 141   5.2464400e-02
  58 142   4.9276900e-02
  58 143   4.4121400e-02
  58 144   3.7391300e-02
  58 145   2.9796000e-02
  58 146   2.4383600e-02
  58 147   1.8617400e-02
  58 148   1.0101900e-02
  58 149   5.9804700e-03
  58 150   2.8302700e-03
  58 151   5.6084960e-04
  58 152   1.1829000e-04
  58 153   1.0615700e-05
  58 154   8.5698300e-07
  58 155   3.4592400e-08
  58 156   1.2297300e-09
  58 157   1.7896200e-11
  58 158   1.8596100e-13
  58 159   2.9405400e-15
  58 160   0.0000000e+00
  59 138   0.0000000e+00
  59 139   3.5492500e-14
  59 140   3.7692000e-12
  59 141   5.2464400e-02
  59 142   1.8536970e-08
  59 143   4.4121700e-02
  59 144   3.7499142e-02
  59 145   2.9853700e-02
  59 146   2.4578200e-02
  59 147   2.0008600e-02
  59 148   1.6279860e-02
  59 149   1.1662300e-02
  59 150   7.9232500e-03
  59 151   4.2809700e-03
  59 152   1.7228100e-03
  59 153   5.0363100e-04
  59 154   9.7836300e-05
  59 155   1.4321500e-05
  59 156   1.3009400e-06
  59 157   7.1902600e-08
  59 158   1.9597700e-09
  59 159   4.1291200e-11
  59 160   4.7589900e-13
  59 161   5.4296800e-15
  59 162   6.9674100e-17
  60 141   0.0000000e+00
  60 142   1.0896300e-08
  60 143   4.4121700e-02
  60 144   3.7394900e-02
  60 145   2.9853800e-02
  60 146   2.4579000e-02
  60 147   2.0024500e-02
  60 148   1.6417100e-02
  60 149   1.2160400e-02
  60 150   9.6599400e-03
  60 151   7.1994000e-03
  60 152   5.4232300e-03
  60 153   2.9076700e-03
  60 154   1.6047300e-03
  60 155   5.2139100e-04
  60 156   1.6136000e-04
  60 157   2.1884500e-05
  60 158   2.1914900e-06
  60 159   1.1901700e-07
  60 160   5.0594000e-09
  60 161   1.1297600e-10
  60 162   1.7496300e-12
  60 163   1.3097200e-14
  60 164   0.0000000e+00
  61 144   1.1197700e-14
  61 145   1.9995800e-12
  61 146   7.8883200e-11
  61 147   2.0024500e-02
  61 148   5.9283200e-08
  61 149   1.2162900e-02
  61 150   1.1497600e-05
  61 151   7.3070800e-03
  61 152   5.7576436e-03
  61 153   3.5906900e-03
  61 154   2.5033020e-03
  61 155   1.4422400e-03
  61 156   7.8257800e-04
  61 157   2.9591700e-04
  61 158   6.6047900e-05
  61 159   1.2326400e-05
  61 160   1.2647900e-06
  61 161   1.0409100e-07
  61 162   4.1608700e-09
  61 163   1.1898800e-10
  61 164   1.7196400e-12
  61 165   2.2195300e-14
  61 166   1.7319000e-16
  62 146   2.6820300e-11
  62 147   2.0024500e-02
  62 148   5.7606700e-08
  62 149   1.2162900e-02
  62 150   1.1523000e-05
  62 151   7.3074700e-03
  62 152   5.7619400e-03
  62 153   3.6293907e-03
  62 154   2.5970400e-03
  62 155   1.6549400e-03
  62 156   1.2280700e-03
  62 157   7.0649000e-04
  62 158   3.5898600e-04
  62 159   1.3354200e-04
  62 160   4.1176200e-05
  62 161   7.9016000e-06
  62 162   1.1139300e-06
  62 163   7.9602100e-08
  62 164   4.1708400e-09
  62 165   1.3999200e-10
  62 166   4.3490700e-12
  62 167   3.4591000e-14
  62 168   0.0000000e+00
  63 149   0.0000000e+00
  63 150   0.0000000e+00
  63 151   7.3074700e-03
  63 152   1.9646088e-09
  63 153   3.6109700e-03
  63 154   4.1263200e-07
  63 155   1.6568700e-03
  63 156   1.2398500e-03
  63 157   7.4106200e-04
  63 158   4.1277400e-04
  63 159   2.0194700e-04
  63 160   8.7066400e-05
  63 161   3.5565800e-05
  63 162   9.7420900e-06
  63 163   2.1491600e-06
  63 164   2.5611800e-07
  63 165   3.0533400e-08
  63 166   2.3938300e-09
  63 167   6.9319800e-11
  63 168   1.2297300e-12
  63 169   2.2693600e-14
  63 170   1.8950500e-16
  64 151   0.0000000e+00
  64 152   4.1313600e-10
  64 153   2.1695400e-12
  64 154   2.7998200e-07
  64 155   1.6568717e-03
  64 156   1.2398900e-03
  64 157   7.4135200e-04
  64 158   4.1429500e-04
  64 159   2.0647600e-04
  64 160   9.6734400e-05
  64 161   4.8113100e-05
  64 162   2.1679600e-05
  64 163   8.1378900e-06
  64 164   2.4756800e-06
  64 165   6.2637100e-07
  64 166   1.6136000e-07
  64 167   1.0867100e-08
  64 168   7.0008100e-10
  64 169   3.2915700e-11
  64 170   8.0901800e-13
  64 171   2.3993800e-14
  64 172   3.6563000e-16
  65 154   0.0000000e+00
  65 155   4.6490100e-14
  65 156   1.5921490e-12
  65 157   8.1682700e-11
  65 158   2.1262563e-09
  65 159   2.0648900e-04
  65 160   6.2786600e-08
  65 161   4.8398000e-05
  65 162   2.2303500e-05
  65 163   9.1476800e-06
  65 164   3.2505100e-06
  65 165   1.2592400e-06
  65 166   5.1628500e-07
  65 167   8.5351300e-08
  65 168   1.1597800e-08
  65 169   1.7925400e-09
  65 170   1.0378700e-10
  65 171   1.1221700e-11
  65 172   4.0727900e-13
  66 157   0.0000000e+00
  66 158   2.1755400e-10
  66 159   2.5894500e-12
  66 160   6.2833400e-08
  66 161   4.8398500e-05
  66 162   2.2307900e-05
  66 163   9.1650900e-06
  66 164   3.2953500e-06
  66 165   2.4217700e-06
  66 166   6.6425400e-07
  66 167   1.4913800e-07
  66 168   3.9891800e-08
  66 169   1.1500500e-08
  66 170   1.8734100e-09
  66 171   4.5412800e-10
  66 172   5.6595300e-11
  67 160   0.0000000e+00
  67 161   2.6611200e-14
  67 162   1.0570900e-12
  67 163   1.2471720e-11
  67 164   1.1972490e-10
  67 165   1.3428900e-06
  67 166   6.6613740e-07
  67 167   1.5206700e-07
  67 168   4.4808390e-08
  67 169   1.4619800e-08
  67 170   3.0391630e-09
  67 171   1.3409400e-09
  67 172   2.9754400e-10
  68 163   0.0000000e+00
  68 164   2.8166000e-11
  68 165   2.1095500e-13
  68 166   6.6614000e-07
  68 167   1.7032870e-07
  68 168   4.2647000e-08
  68 169   1.4730800e-08
  68 170   3.1741400e-09
  68 171   1.5678900e-09
  68 172   4.8850400e-10
  69 166   0.0000000e+00
  69 167   0.0000000e+00
  69 168   1.5796600e-14
  69 169   1.4730900e-08
  69 170   4.5290300e-13
  69 171   1.5706000e-09
  69 172   4.9390300e-10
  70 168   1.5796600e-18
  70 169   0.0000000e+00
  70 170   4.5257200e-13
  70 171   1.5706027e-09
  70 172   4.9392200e-10
  71 172   0.0000000e+00
