# 3D Plot Data for Pu-239 Neutron-induced Fission Yields at 0.0253 (eV)
# JENDL FP Fission Yields Data File 2011 (FPY-2011)
# *) Raw Data
# [Independent]
#  Z   A   Fission Yield
  23  66   0.0000000e+00
  24  66   4.7253900e-15
  24  67   3.4386400e-16
  24  68   0.0000000e+00
  24  69   1.9010300e-18
  24  70   0.0000000e+00
  25  66   3.6892100e-12
  25  67   7.5783900e-13
  25  68   1.5796600e-13
  25  69   2.6692500e-14
  25  70   0.0000000e+00
  25  71   0.0000000e+00
  25  72   9.0775400e-18
  25  73   0.0000000e+00
  26  66   3.6292300e-10
  26  67   1.8196200e-10
  26  68   1.3497100e-10
  26  69   5.8687600e-11
  26  70   1.8396100e-11
  26  71   1.8296100e-12
  26  72   2.2794200e-13
  26  73   0.0000000e+00
  26  74   0.0000000e+00
  26  75   0.0000000e+00
  26  76   0.0000000e+00
  27  66   1.1497600e-09
  27  67   1.8596100e-09
  27  68   3.9362400e-09
  27  69   4.6590100e-09
  27  70   3.0145400e-09
  27  71   1.2897200e-09
  27  72   4.1291200e-10
  27  73   6.7985600e-11
  27  74   7.2584600e-12
  27  75   5.4988300e-13
  27  76   2.1495400e-14
  27  77   1.6577400e-15
  27  78   0.0000000e+00
  28  66   6.7785600e-10
  28  67   2.2895100e-09
  28  68   1.1297600e-08
  28  69   3.2404360e-08
  28  70   9.2680400e-08
  28  71   7.4884100e-08
  28  72   8.4982000e-08
  28  73   3.4892600e-08
  28  74   1.3497100e-08
  28  75   2.6394400e-09
  28  76   3.9391600e-10
  28  77   3.4491000e-11
  28  78   2.3794900e-12
  28  79   8.0455500e-14
  28  80   0.0000000e+00
  28  81   0.0000000e+00
  28  82   0.0000000e+00
  29  66   1.3797000e-11
  29  67   1.5596700e-10
  29  68   1.6566490e-09
  29  69   1.6596500e-08
  29  70   9.1408700e-08
  29  71   2.1195500e-07
  29  72   5.2288900e-07
  29  73   7.1084900e-07
  29  74   6.2986600e-07
  29  75   4.4190700e-07
  29  76   1.4208250e-07
  29  77   5.4288400e-08
  29  78   9.7879200e-09
  29  79   1.1296800e-09
  29  80   7.2284600e-11
  29  81   2.7994100e-12
  29  82   3.3592900e-14
  29  83   0.0000000e+00
  29  84   0.0000000e+00
  30  66   3.4992600e-14
  30  67   9.9378900e-13
  30  68   3.6492300e-11
  30  69   8.6481600e-10
  30  70   1.4996800e-08
  30  71   7.6983600e-08
  30  72   5.8187700e-07
  30  73   1.7437807e-06
  30  74   4.4190700e-06
  30  75   6.8385500e-06
  30  76   8.6181700e-06
  30  77   6.1030700e-06
  30  78   4.3990700e-06
  30  79   1.2897200e-06
  30  80   3.2993000e-07
  30  81   3.5492500e-08
  30  82   1.7496300e-09
  30  83   4.9089600e-11
  30  84   1.0297800e-12
  30  85   2.0363000e-14
  30  86   0.0000000e+00
  31  67   2.9153700e-16
  31  68   2.0295600e-14
  31  69   1.7896200e-12
  31  70   7.7683500e-11
  31  71   1.3597100e-09
  31  72   2.3895000e-08
  31  73   2.2095300e-07
  31  74   1.2397330e-06
  31  75   5.8287700e-06
  31  76   1.5396700e-05
  31  77   3.7841900e-05
  31  78   5.5108300e-05
  31  79   5.4918300e-05
  31  80   3.6252400e-05
  31  81   1.5106800e-05
  31  82   2.0195800e-06
  31  83   2.2895100e-07
  31  84   1.3497100e-08
  31  85   2.8591900e-10
  31  86   1.1797500e-11
  31  87   4.4878900e-13
  31  88   0.0000000e+00
  31  89   0.0000000e+00
  32  69   0.0000000e+00
  32  70   4.5490300e-14
  32  71   1.9995800e-12
  32  72   1.2897200e-10
  32  73   2.9613680e-09
  32  74   5.5988100e-08
  32  75   6.0567240e-07
  32  76   5.1189200e-06
  32  77   2.6684320e-05
  32  78   1.1814500e-04
  32  79   2.9754670e-04
  32  80   5.4876300e-04
  32  81   4.8095200e-04
  32  82   2.7096300e-04
  32  83   8.0372900e-05
  32  84   1.8546100e-05
  32  85   1.0797700e-06
  32  86   1.7496300e-07
  32  87   9.3375700e-09
  32  88   2.7194300e-10
  32  89   3.2395800e-12
  32  90   8.4659900e-13
  32  91   0.0000000e+00
  33  72   1.6496500e-14
  33  73   1.4296900e-12
  33  74   6.7585600e-11
  33  75   2.6794300e-09
  33  76   5.5288200e-08
  33  77   9.8879000e-07
  33  78   9.8779100e-06
  33  79   8.0133000e-05
  33  80   3.1938200e-04
  33  81   1.0255800e-03
  33  82   1.1348990e-03
  33  83   1.1528800e-03
  33  84   6.5668100e-04
  33  85   1.4313900e-04
  33  86   6.0017300e-05
  33  87   1.2667300e-05
  33  88   1.0197900e-06
  33  89   4.5487100e-08
  33  90   9.8494200e-09
  33  91   0.0000000e+00
  33  92   8.9979100e-13
  33  93   0.0000000e+00
  33  94   0.0000000e+00
  33  95   0.0000000e+00
  34  74   0.0000000e+00
  34  75   9.0580800e-13
  34  76   7.0585000e-11
  34  77   2.9873700e-09
  34  78   1.1697600e-07
  34  79   2.2865170e-06
  34  80   3.2443100e-05
  34  81   2.4295840e-04
  34  82   8.7588400e-04
  34  83   1.5603330e-03
  34  84   3.2724000e-03
  34  85   4.0576200e-03
  34  86   2.9334200e-03
  34  87   1.3682000e-03
  34  88   4.2019100e-04
  34  89   5.0339300e-05
  34  90   1.2147600e-05
  34  91   5.7732900e-07
  34  92   2.2594300e-08
  34  93   4.6920500e-09
  34  94   2.2795100e-09
  34  95   7.7615100e-13
  34  96   4.7589900e-14
  35  77   3.2972990e-13
  35  78   3.3692900e-11
  35  79   2.4784740e-09
  35  80   1.4666960e-08
  35  81   2.6694400e-06
  35  82   1.2837280e-05
  35  83   1.7057400e-04
  35  84   7.5819000e-04
  35  85   1.4804700e-03
  35  86   3.7812000e-03
  35  87   5.5299600e-03
  35  88   4.6549800e-03
  35  89   3.4372100e-03
  35  90   2.1338300e-03
  35  91   1.9832800e-04
  35  92   2.4634800e-05
  35  93   6.5881300e-05
  35  94   2.7104300e-05
  35  95   1.0897900e-08
  35  96   6.1986800e-09
  35  97   7.7216800e-10
  35  98   0.0000000e+00
  35  99   0.0000000e+00
  35 100   0.0000000e+00
  36  79   1.9495850e-13
  36  80   3.0193600e-11
  36  81   2.3674970e-09
  36  82   4.4890400e-08
  36  83   1.5296680e-06
  36  84   2.6074500e-05
  36  85   1.2379430e-04
  36  86   7.0522000e-04
  36  87   2.8411700e-03
  36  88   7.4693500e-03
  36  89   1.1000300e-02
  36  90   1.0966900e-02
  36  91   6.9676500e-03
  36  92   3.0861400e-03
  36  93   6.3682500e-04
  36  94   2.1525400e-04
  36  95   1.1136800e-05
  36  96   8.1552700e-05
  36  97   1.6065800e-05
  36  98   2.2395200e-09
  36  99   2.6108600e-11
  36 100   6.5186200e-13
  36 101   0.0000000e+00
  36 102   0.0000000e+00
  37  81   3.7445200e-15
  37  82   0.0000000e+00
  37  83   5.0089400e-10
  37  84   2.0020185e-08
  37  85   4.2391000e-07
  37  86   1.8296120e-06
  37  87   1.4658900e-04
  37  88   5.7298800e-04
  37  89   2.5485600e-03
  37  90   7.4476800e-03
  37  91   1.3831200e-02
  37  92   1.6072300e-02
  37  93   1.3552000e-02
  37  94   7.0398200e-03
  37  95   4.3215300e-03
  37  96   3.9068700e-04
  37  97   5.3538600e-05
  37  98   6.5743520e-06
  37  99   3.6659200e-07
  37 100   2.0595600e-08
  37 101   1.3886500e-10
  37 102   3.1970400e-12
  37 103   7.0412000e-13
  37 104   0.0000000e+00
  37 105   0.0000000e+00
  38  83   8.7177700e-15
  38  84   2.2295200e-12
  38  85   1.1297600e-10
  38  86   1.0097900e-08
  38  87   3.0363550e-07
  38  88   6.7885600e-06
  38  89   1.5100800e-04
  38  90   9.6880400e-04
  38  91   3.8600900e-03
  38  92   1.0241700e-02
  38  93   2.1436900e-02
  38  94   2.9243500e-02
  38  95   2.6114300e-02
  38  96   1.8216000e-02
  38  97   7.8655100e-03
  38  98   3.2724800e-03
  38  99   3.7462400e-04
  38 100   6.7585700e-05
  38 101   2.8892500e-06
  38 102   8.0279700e-08
  38 103   1.4650000e-08
  38 104   9.4379900e-11
  38 105   4.4606000e-12
  38 106   0.0000000e+00
  38 107   0.0000000e+00
  39  86   0.0000000e+00
  39  87   1.0176900e-12
  39  88   1.6210380e-09
  39  89   8.5781800e-08
  39  90   1.9295910e-06
  39  91   2.4794590e-05
  39  92   4.5069400e-04
  39  93   1.7401850e-03
  39  94   6.7494800e-03
  39  95   1.6774400e-02
  39  96   2.4857840e-02
  39  97   3.0031790e-02
  39  98   2.3740220e-02
  39  99   1.4438400e-02
  39 100   4.0986316e-03
  39 101   8.4004200e-04
  39 102   6.8566400e-05
  39 103   1.0103200e-05
  39 104   7.3384400e-07
  39 105   6.2631600e-08
  39 106   7.2859200e-11
  39 107   6.8067300e-12
  39 108   1.8115300e-13
  39 109   0.0000000e+00
  40  88   4.8589700e-14
  40  89   4.3309700e-12
  40  90   6.0087200e-10
  40  91   3.6892100e-08
  40  92   9.4379900e-07
  40  93   1.6856400e-05
  40  94   3.0135600e-04
  40  95   1.2546000e-03
  40  96   5.3720100e-03
  40  97   1.5839800e-02
  40  98   2.9214300e-02
  40  99   3.7624100e-02
  40 100   4.7821800e-02
  40 101   2.3281200e-02
  40 102   1.2175700e-02
  40 103   2.2342400e-03
  40 104   6.1005000e-04
  40 105   6.4003800e-05
  40 106   1.8295300e-06
  40 107   1.4162200e-07
  40 108   4.5488500e-09
  40 109   0.0000000e+00
  40 110   0.0000000e+00
  40 111   0.0000000e+00
  40 112   0.0000000e+00
  41  90   0.0000000e+00
  41  91   5.3922900e-13
  41  92   2.4803700e-11
  41  93   5.2078950e-09
  41  94   1.6216560e-07
  41  95   6.9685200e-06
  41  96   3.6032400e-05
  41  97   8.0310000e-04
  41  98   1.7790590e-03
  41  99   9.5622500e-03
  41 100   1.5003090e-02
  41 101   3.4550300e-02
  41 102   3.0775640e-02
  41 103   2.7020500e-02
  41 104   1.1631240e-02
  41 105   4.9411800e-03
  41 106   3.4849600e-04
  41 107   9.7667600e-05
  41 108   9.3180300e-06
  41 109   1.7796200e-11
  41 110   0.0000000e+00
  41 111   1.0375200e-16
  41 112   2.0217500e-18
  41 113   0.0000000e+00
  41 114   2.1658700e-13
  41 115   0.0000000e+00
  42  92   0.0000000e+00
  42  93   1.1397580e-13
  42  94   1.4097000e-11
  42  95   9.3380100e-10
  42  96   4.5090400e-08
  42  97   1.0397800e-06
  42  98   1.9545900e-05
  42  99   3.7499000e-04
  42 100   1.4192100e-03
  42 101   1.3800700e-03
  42 102   1.7559900e-02
  42 103   3.8121900e-02
  42 104   4.2922800e-02
  42 105   3.5135200e-02
  42 106   2.1650600e-02
  42 107   5.8589900e-03
  42 108   2.1491200e-03
  42 109   5.9147500e-05
  42 110   8.3182400e-08
  42 111   2.5294600e-09
  42 112   5.9487400e-11
  42 113   4.7823600e-14
  42 114   5.4386300e-09
  42 115   1.2550700e-12
  42 116   1.1597600e-13
  42 117   0.0000000e+00
  43  95   0.0000000e+00
  43  96   0.0000000e+00
  43  97   8.2182500e-11
  43  98   4.1691200e-09
  43  99   1.4806900e-07
  43 100   3.0693500e-06
  43 101   1.2436300e-04
  43 102   6.7301700e-04
  43 103   2.5327000e-03
  43 104   5.4201200e-03
  43 105   1.5938900e-02
  43 106   1.8250800e-02
  43 107   1.8202400e-02
  43 108   6.2591700e-03
  43 109   4.0368500e-03
  43 110   4.0158500e-04
  43 111   6.6985800e-05
  43 112   6.0887000e-06
  43 113   7.8683300e-07
  43 114   2.6494400e-06
  43 115   1.7622500e-08
  43 116   1.4596900e-09
  43 117   4.1131100e-12
  43 118   8.8784800e-14
  43 119   1.4943600e-15
  43 120   0.0000000e+00
  44  98   9.1380600e-14
  44  99   8.6081700e-12
  44 100   7.0685000e-10
  44 101   2.4294800e-08
  44 102   7.6483800e-07
  44 103   1.1958960e-05
  44 104   2.4401800e-04
  44 105   4.5436300e-04
  44 106   3.2401300e-03
  44 107   8.3728400e-03
  44 108   1.2814300e-02
  44 109   9.9564700e-03
  44 110   5.7420700e-03
  44 111   2.4488500e-03
  44 112   9.2095500e-04
  44 113   3.2594200e-04
  44 114   1.5805600e-04
  44 115   1.8008600e-05
  44 116   1.9495900e-06
  44 117   8.5577700e-08
  44 118   2.2294300e-09
  44 119   3.1091900e-11
  44 120   3.3292900e-13
  44 121   6.4720500e-15
  44 122   0.0000000e+00
  44 123   0.0000000e+00
  44 124   0.0000000e+00
  45 100   0.0000000e+00
  45 101   4.7139910e-13
  45 102   4.0591300e-11
  45 103   2.5624560e-09
  45 104   7.0285100e-08
  45 105   1.5866560e-06
  45 106   4.4390600e-06
  45 107   7.6133900e-04
  45 108   3.9643670e-04
  45 109   7.2456700e-04
  45 110   3.0865460e-04
  45 111   4.4323600e-04
  45 112   3.9224700e-04
  45 113   4.3518800e-04
  45 114   3.0158200e-04
  45 115   1.7853200e-04
  45 116   6.6520900e-05
  45 117   1.4316900e-05
  45 118   1.2597300e-06
  45 119   8.1682700e-08
  45 120   2.7494200e-09
  45 121   9.0874200e-11
  45 122   1.3097200e-12
  45 123   0.0000000e+00
  45 124   0.0000000e+00
  45 125   0.0000000e+00
  45 126   0.0000000e+00
  45 127   0.0000000e+00
  45 128   0.0000000e+00
  46 102   0.0000000e+00
  46 103   3.6392300e-14
  46 104   3.9791500e-12
  46 105   2.4194900e-10
  46 106   9.1480600e-09
  46 107   1.9505820e-07
  46 108   2.8793800e-06
  46 109   4.0191400e-09
  46 110   4.4290600e-08
  46 111   2.3235060e-07
  46 112   9.4679900e-07
  46 113   3.5085570e-06
  46 114   1.2052500e-04
  46 115   1.9134260e-04
  46 116   3.5843400e-04
  46 117   1.9512210e-04
  46 118   8.6261700e-05
  46 119   1.6536500e-05
  46 120   2.4294800e-06
  46 121   2.4694800e-07
  46 122   1.6196600e-08
  46 123   3.6192400e-10
  46 124   0.0000000e+00
  46 125   0.0000000e+00
  46 126   0.0000000e+00
  46 127   0.0000000e+00
  46 128   0.0000000e+00
  46 129   0.0000000e+00
  46 130   0.0000000e+00
  46 131   0.0000000e+00
  47 105   0.0000000e+00
  47 106   1.1507560e-13
  47 107   9.6979400e-12
  47 108   4.1591000e-10
  47 109   0.0000000e+00
  47 110   0.0000000e+00
  47 111   2.8344900e-14
  47 112   5.8587600e-13
  47 113   1.3907140e-11
  47 114   1.4470017e-06
  47 115   1.4297000e-05
  47 116   8.2063050e-05
  47 117   1.8891930e-04
  47 118   1.9749760e-04
  47 119   1.3088330e-04
  47 120   5.6787900e-05
  47 121   2.3874900e-05
  47 122   4.6490150e-06
  47 123   4.7589900e-07
  47 124   6.1586900e-12
  47 125   4.9789400e-13
  47 126   3.8691800e-14
  47 127   0.0000000e+00
  47 128   0.0000000e+00
  47 129   4.6750000e-17
  47 130   1.6996400e-10
  47 131   4.4927000e-12
  47 132   0.0000000e+00
  47 133   0.0000000e+00
  48 108   0.0000000e+00
  48 109   0.0000000e+00
  48 110   0.0000000e+00
  48 111   0.0000000e+00
  48 112   0.0000000e+00
  48 113   0.0000000e+00
  48 114   2.2195300e-09
  48 115   8.8281200e-08
  48 116   2.5594600e-06
  48 117   1.9635780e-05
  48 118   3.9011700e-05
  48 119   1.5318800e-04
  48 120   2.1372400e-04
  48 121   2.2520350e-04
  48 122   1.6927400e-04
  48 123   4.4346610e-05
  48 124   2.7394200e-06
  48 125   6.3168040e-07
  48 126   2.2995100e-07
  48 127   8.8681200e-08
  48 128   3.9591600e-08
  48 129   1.1397600e-09
  48 130   1.5496700e-06
  48 131   9.3475700e-08
  48 132   5.6787900e-09
  48 133   2.7127100e-11
  48 134   2.1395400e-13
  48 135   0.0000000e+00
  48 136   0.0000000e+00
  49 110   0.0000000e+00
  49 111   0.0000000e+00
  49 112   0.0000000e+00
  49 113   0.0000000e+00
  49 114   5.4896100e-14
  49 115   1.7396300e-11
  49 116   2.2195300e-09
  49 117   8.6681500e-08
  49 118   7.6883700e-07
  49 119   8.9381000e-06
  49 120   3.2113120e-05
  49 121   1.2106430e-04
  49 122   2.1987370e-04
  49 123   2.3994950e-04
  49 124   3.4694700e-04
  49 125   3.4134740e-04
  49 126   2.9395800e-04
  49 127   4.8383470e-04
  49 128   6.9131400e-04
  49 129   1.0693460e-04
  49 130   3.3188780e-04
  49 131   8.8478200e-05
  49 132   1.5726700e-05
  49 133   3.8089200e-07
  49 134   8.9481000e-09
  49 135   6.8711900e-11
  49 136   2.8194100e-13
  49 137   0.0000000e+00
  49 138   0.0000000e+00
  50 113   0.0000000e+00
  50 114   0.0000000e+00
  50 115   0.0000000e+00
  50 116   2.0595600e-13
  50 117   2.9293740e-11
  50 118   1.3197200e-09
  50 119   4.7789800e-08
  50 120   7.2784500e-07
  50 121   7.5983900e-06
  50 122   5.2638900e-05
  50 123   1.4610900e-04
  50 124   4.3632800e-04
  50 125   7.6772700e-04
  50 126   1.6899100e-03
  50 127   4.3068100e-03
  50 128   5.4507700e-03
  50 129   9.7948900e-03
  50 130   9.3935200e-03
  50 131   6.0754500e-03
  50 132   4.8408700e-03
  50 133   3.4288700e-04
  50 134   3.8411800e-05
  50 135   1.4296200e-06
  50 136   1.9295900e-08
  50 137   4.3490800e-10
  50 138   3.7891900e-12
  50 139   0.0000000e+00
  50 140   0.0000000e+00
  51 116   0.0000000e+00
  51 117   0.0000000e+00
  51 118   5.1688900e-14
  51 119   8.8281200e-12
  51 120   4.1791100e-10
  51 121   2.7194300e-09
  51 122   4.1585730e-07
  51 123   4.5990200e-06
  51 124   9.9978800e-07
  51 125   6.5786000e-06
  51 126   3.7132230e-05
  51 127   2.7614200e-04
  51 128   1.1951060e-03
  51 129   3.3022600e-03
  51 130   1.1788650e-02
  51 131   1.8969600e-02
  51 132   2.3998100e-02
  51 133   1.1734000e-02
  51 134   3.9885600e-03
  51 135   6.6619900e-04
  51 136   2.9223800e-05
  51 137   2.7494200e-06
  51 138   6.5086200e-08
  51 139   1.7396300e-09
  51 140   5.6137400e-11
  51 141   4.8975300e-12
  51 142   0.0000000e+00
  51 143   0.0000000e+00
  52 119   0.0000000e+00
  52 120   2.5194700e-14
  52 121   3.6792280e-12
  52 122   3.4092800e-10
  52 123   1.2557330e-08
  52 124   2.8294000e-12
  52 125   6.2086800e-11
  52 126   1.3597100e-09
  52 127   2.5354610e-08
  52 128   4.2591000e-07
  52 129   6.7485700e-06
  52 130   2.0509400e-03
  52 131   1.3198600e-02
  52 132   2.2530600e-02
  52 133   4.6560400e-02
  52 134   4.3964200e-02
  52 135   2.1925300e-02
  52 136   5.0606600e-03
  52 137   1.2928700e-03
  52 138   1.1703600e-04
  52 139   8.1282800e-06
  52 140   1.4096500e-06
  52 141   1.0189900e-07
  52 142   5.6688000e-09
  52 143   8.1965700e-12
  52 144   5.1728900e-13
  52 145   0.0000000e+00
  53 122   0.0000000e+00
  53 123   1.1597600e-12
  53 124   0.0000000e+00
  53 125   0.0000000e+00
  53 126   0.0000000e+00
  53 127   0.0000000e+00
  53 128   9.1780500e-07
  53 129   3.8491800e-12
  53 130   4.6900000e-05
  53 131   2.2929100e-04
  53 132   2.6574100e-03
  53 133   1.1072610e-02
  53 134   2.6195700e-02
  53 135   4.2865600e-02
  53 136   2.8910830e-02
  53 137   2.2989700e-02
  53 138   1.2715000e-02
  53 139   3.1873200e-03
  53 140   5.9436400e-04
  53 141   7.0273100e-05
  53 142   2.4724800e-05
  53 143   1.1508800e-07
  53 144   6.0182000e-09
  53 145   2.7244600e-11
  53 146   6.0915000e-13
  53 147   0.0000000e+00
  53 148   0.0000000e+00
  54 125   0.0000000e+00
  54 126   0.0000000e+00
  54 127   0.0000000e+00
  54 128   1.9295900e-11
  54 129   0.0000000e+00
  54 130   2.9393700e-08
  54 131   4.2290900e-07
  54 132   1.2816760e-05
  54 133   4.3237900e-04
  54 134   2.4468040e-03
  54 135   1.0661980e-02
  54 136   3.4784600e-02
  54 137   3.6831500e-02
  54 138   3.9249000e-02
  54 139   2.7913600e-02
  54 140   1.5401600e-02
  54 141   4.7328900e-03
  54 142   1.4094600e-03
  54 143   1.1761000e-04
  54 144   7.4224100e-06
  54 145   5.6685300e-07
  54 146   1.5296100e-08
  54 147   2.4554900e-11
  54 148   9.0880700e-13
  54 149   0.0000000e+00
  54 150   0.0000000e+00
  55 128   0.0000000e+00
  55 129   0.0000000e+00
  55 130   0.0000000e+00
  55 131   2.6194500e-11
  55 132   2.9793600e-09
  55 133   2.0395600e-07
  55 134   6.6985800e-06
  55 135   1.2601320e-04
  55 136   9.7415400e-04
  55 137   5.9719700e-03
  55 138   9.0088000e-03
  55 139   2.3236800e-02
  55 140   2.2761200e-02
  55 141   2.8665300e-02
  55 142   1.3963300e-02
  55 143   6.7966200e-03
  55 144   1.5763300e-03
  55 145   2.7967100e-04
  55 146   2.1265400e-05
  55 147   3.4477600e-07
  55 148   1.5096800e-08
  55 149   1.0426900e-10
  55 150   6.3386500e-12
  55 151   3.3327400e-13
  55 152   0.0000000e+00
  56 131   0.0000000e+00
  56 132   5.9387400e-14
  56 133   6.8977700e-13
  56 134   2.0195800e-09
  56 135   1.2197400e-07
  56 136   4.9389600e-06
  56 137   6.3696500e-05
  56 138   5.2574900e-04
  56 139   2.2626400e-03
  56 140   1.4798500e-02
  56 141   1.8275000e-02
  56 142   3.0763200e-02
  56 143   2.8856400e-02
  56 144   2.1560600e-02
  56 145   8.0275300e-03
  56 146   2.3753800e-03
  56 147   3.5233100e-04
  56 148   2.6424400e-05
  56 149   2.1694400e-06
  56 150   1.1997500e-07
  56 151   6.9341500e-09
  56 152   5.3588600e-11
  56 153   6.0590900e-13
  56 154   0.0000000e+00
  57 133   0.0000000e+00
  57 134   0.0000000e+00
  57 135   3.8591800e-12
  57 136   0.0000000e+00
  57 137   2.8194100e-08
  57 138   6.1586900e-07
  57 139   1.0287800e-05
  57 140   1.0194900e-04
  57 141   7.2115700e-04
  57 142   2.9925100e-03
  57 143   8.1498700e-03
  57 144   1.3089900e-02
  57 145   1.6964900e-02
  57 146   1.1611140e-02
  57 147   6.1045200e-03
  57 148   1.1703100e-03
  57 149   3.6326300e-04
  57 150   5.2109000e-05
  57 151   4.7820500e-06
  57 152   2.4094900e-07
  57 153   8.5075900e-09
  57 154   1.8196200e-10
  57 155   1.6625400e-12
  57 156   4.8970900e-14
  57 157   0.0000000e+00
  58 135   0.0000000e+00
  58 136   0.0000000e+00
  58 137   7.6303600e-14
  58 138   6.8913500e-12
  58 139   3.3792800e-09
  58 140   1.3097200e-07
  58 141   2.2895100e-06
  58 142   3.5662500e-05
  58 143   2.6652400e-04
  58 144   1.1638500e-03
  58 145   4.5614700e-03
  58 146   1.0375800e-02
  58 147   1.2161300e-02
  58 148   8.9018300e-03
  58 149   5.6188600e-03
  58 150   2.7793600e-03
  58 151   5.5614430e-04
  58 152   1.1805500e-04
  58 153   1.0607800e-05
  58 154   8.5681800e-07
  58 155   3.4591000e-08
  58 156   1.2296900e-09
  58 157   1.7896200e-11
  58 158   1.8596100e-13
  58 159   2.9405400e-15
  58 160   0.0000000e+00
  59 138   0.0000000e+00
  59 139   3.5492500e-14
  59 140   3.7692000e-12
  59 141   2.5294600e-10
  59 142   1.0897680e-08
  59 143   3.3592900e-07
  59 144   3.6552280e-06
  59 145   5.7757800e-05
  59 146   1.9467900e-04
  59 147   1.3911900e-03
  59 148   6.1779200e-03
  59 149   5.6817900e-03
  59 150   5.0929700e-03
  59 151   3.7201200e-03
  59 152   1.6045200e-03
  59 153   4.9301500e-04
  59 154   9.6979400e-05
  59 155   1.4286900e-05
  59 156   1.2997200e-06
  59 157   7.1884700e-08
  59 158   1.9595900e-09
  59 159   4.1288200e-11
  59 160   4.7589900e-13
  59 161   5.4296800e-15
  59 162   6.9674100e-17
  60 141   0.0000000e+00
  60 142   3.4592700e-13
  60 143   2.9093800e-11
  60 144   1.3697100e-09
  60 145   5.9287400e-08
  60 146   8.1082800e-07
  60 147   1.5866600e-05
  60 148   1.3727100e-04
  60 149   4.9816400e-04
  60 150   1.7366900e-03
  60 151   2.9184400e-03
  60 152   3.7004200e-03
  60 153   2.4039900e-03
  60 154   1.5068900e-03
  60 155   5.0709300e-04
  60 156   1.6008600e-04
  60 157   2.1815300e-05
  60 158   2.1895300e-06
  60 159   1.1897500e-07
  60 160   5.0589300e-09
  60 161   1.1297000e-10
  60 162   1.7495600e-12
  60 163   1.3097200e-14
  60 164   0.0000000e+00
  61 144   1.1197700e-14
  61 145   1.9995800e-12
  61 146   7.8883200e-11
  61 147   6.4886200e-09
  61 148   5.7587700e-08
  61 149   2.4294800e-06
  61 150   1.1497600e-05
  61 151   1.0767700e-04
  61 152   3.3440940e-04
  61 153   6.8302500e-04
  61 154   8.9856900e-04
  61 155   9.2084500e-04
  61 156   6.2121800e-04
  61 157   2.7403200e-04
  61 158   6.3856400e-05
  61 159   1.2207400e-05
  61 160   1.2597300e-06
  61 161   1.0397800e-07
  61 162   4.1591200e-09
  61 163   1.1897500e-10
  61 164   1.7196400e-12
  61 165   2.2195300e-14
  61 166   1.7319000e-16
  62 146   0.0000000e+00
  62 147   1.8296100e-13
  62 148   1.8996000e-11
  62 149   8.1882600e-10
  62 150   2.5394600e-08
  62 151   3.8491800e-07
  62 152   4.2990900e-06
  62 153   2.0256020e-05
  62 154   9.3740100e-05
  62 155   2.1270400e-04
  62 156   4.4549600e-04
  62 157   4.1057300e-04
  62 158   2.9293700e-04
  62 159   1.2121500e-04
  62 160   3.9911500e-05
  62 161   7.7983400e-06
  62 162   1.1097700e-06
  62 163   7.9483100e-08
  62 164   4.1691200e-09
  62 165   1.3997000e-10
  62 166   4.3489000e-12
  62 167   3.4591000e-14
  62 168   0.0000000e+00
  63 149   0.0000000e+00
  63 150   0.0000000e+00
  63 151   4.5490300e-11
  63 152   1.3577118e-09
  63 153   2.5094700e-08
  63 154   2.7994000e-07
  63 155   1.9295900e-06
  63 156   1.1777500e-05
  63 157   3.4572700e-05
  63 158   5.3788500e-05
  63 159   6.8405500e-05
  63 160   4.5890200e-05
  63 161   2.7664200e-05
  63 162   8.6281600e-06
  63 163   2.0695600e-06
  63 164   2.5194700e-07
  63 165   3.0393500e-08
  63 166   2.3894900e-09
  63 167   6.9285300e-11
  63 168   1.2297300e-12
  63 169   2.2693600e-14
  63 170   1.8950500e-16
  64 151   0.0000000e+00
  64 152   4.4290600e-14
  64 153   2.1695400e-12
  64 154   9.2580400e-11
  64 155   1.8062190e-09
  64 156   3.9391600e-08
  64 157   2.8993800e-07
  64 158   1.5196800e-06
  64 159   4.5290300e-06
  64 160   9.6679500e-06
  64 161   1.2547300e-05
  64 162   1.1937500e-05
  64 163   5.9887300e-06
  64 164   2.2195300e-06
  64 165   5.9587400e-07
  64 166   1.5896600e-07
  64 167   1.0797700e-08
  64 168   6.9885100e-10
  64 169   3.2893000e-11
  64 170   8.0882800e-13
  64 171   2.3993800e-14
  64 172   3.6563000e-16
  65 154   0.0000000e+00
  65 155   4.6490100e-14
  65 156   1.4460890e-12
  65 157   8.1682700e-11
  65 158   1.3100513e-09
  65 159   1.2797200e-08
  65 160   6.2786600e-08
  65 161   2.8493900e-07
  65 162   6.2386700e-07
  65 163   1.0097900e-06
  65 164   7.7483500e-07
  65 165   6.3286500e-07
  65 166   3.5492500e-07
  65 167   7.4484200e-08
  65 168   1.0897700e-08
  65 169   1.7596300e-09
  65 170   1.0297800e-10
  65 171   1.1197700e-11
  65 172   4.0691400e-13
  66 157   0.0000000e+00
  66 158   8.5381800e-14
  66 159   2.5894500e-12
  66 160   4.6790000e-11
  66 161   5.5288200e-10
  66 162   4.3890700e-09
  66 163   1.7396300e-08
  66 164   4.4790400e-08
  66 165   8.3182400e-08
  66 166   1.4796800e-07
  66 167   6.3786400e-08
  66 168   2.8294000e-08
  66 169   9.7079400e-09
  66 170   1.7696300e-09
  66 171   4.4290600e-10
  66 172   5.6188100e-11
  67 160   0.0000000e+00
  67 161   2.6611200e-14
  67 162   7.3684300e-13
  67 163   1.1007660e-11
  67 164   7.0385000e-11
  67 165   4.7589900e-10
  67 166   1.8835950e-09
  67 167   2.9293700e-09
  67 168   2.7119400e-09
  67 169   3.1193400e-09
  67 170   1.1657530e-09
  67 171   8.8681200e-10
  67 172   2.4094900e-10
  68 163   0.0000000e+00
  68 164   1.1997500e-14
  68 165   2.1095500e-13
  68 166   3.1393300e-12
  68 167   1.2067470e-11
  68 168   4.3190900e-11
  68 169   1.1097700e-10
  68 170   1.3497100e-10
  68 171   2.2695200e-10
  68 172   1.9096000e-10
  69 166   0.0000000e+00
  69 167   0.0000000e+00
  69 168   1.5796600e-14
  69 169   1.5196800e-13
  69 170   4.5290300e-13
  69 171   2.7094300e-12
  69 172   5.3988500e-12
  70 168   0.0000000e+00
  70 169   0.0000000e+00
  70 170   2.6151700e-16
  70 171   3.1331600e-15
  70 172   1.9395900e-14
  71 172   0.0000000e+00
