# 3D Plot Data for U-233 Neutron-induced Fission Yields at 0.0253 (eV)
# JENDL FP Fission Yields Data File 2011 (FPY-2011)
# *) Raw Data
# [Independent]
#  Z   N   Fission Yield
  23  43   5.1648700e-19
  24  42   2.4466300e-14
  24  43   4.1014300e-15
  24  44   0.0000000e+00
  24  45   1.0167000e-17
  24  46   0.0000000e+00
  25  41   9.6568800e-12
  25  42   5.5724300e-12
  25  43   9.3772500e-13
  25  44   1.5877400e-13
  25  45   1.5678700e-14
  25  46   0.0000000e+00
  25  47   8.2005500e-17
  25  48   0.0000000e+00
  26  40   8.1489300e-10
  26  41   1.0385800e-09
  26  42   7.3999400e-10
  26  43   2.8261600e-10
  26  44   1.2383200e-10
  26  45   3.2555800e-11
  26  46   3.8846400e-12
  26  47   2.2169800e-13
  26  48   0.0000000e+00
  26  49   6.9698400e-16
  26  50   0.0000000e+00
  27  39   1.1384500e-09
  27  40   5.2628500e-09
  27  41   1.2198000e-08
  27  42   1.1384500e-08
  27  43   1.0914950e-08
  27  44   1.2582900e-08
  27  45   3.5152200e-09
  27  46   8.9378600e-10
  27  47   8.4285500e-11
  27  48   1.0884500e-11
  27  49   4.0145500e-13
  27  50   1.4762900e-14
  27  51   6.1978400e-16
  28  38   5.3227700e-10
  28  39   4.7335700e-09
  28  40   2.4267000e-08
  28  41   6.1509300e-08
  28  42   2.4267000e-07
  28  43   5.6922700e-07
  28  44   6.4612200e-07
  28  45   3.7049700e-07
  28  46   1.5079500e-07
  28  47   4.6037400e-08
  28  48   7.3699800e-09
  28  49   5.1228900e-10
  28  50   2.9359400e-11
  28  51   4.5719600e-13
  28  52   0.0000000e+00
  28  53   0.0000000e+00
  28  54   0.0000000e+00
  29  37   3.9146800e-12
  29  38   1.3981000e-10
  29  39   1.4690010e-09
  29  40   1.4480300e-08
  29  41   1.1065010e-07
  29  42   8.2088400e-07
  29  43   1.8075400e-06
  29  44   3.8947100e-06
  29  45   3.3554400e-06
  29  46   4.2042800e-06
  29  47   1.3668980e-06
  29  48   4.6536700e-07
  29  49   6.5411200e-08
  29  50   7.1398400e-09
  29  51   2.6264300e-10
  29  52   1.1684100e-11
  29  53   2.8860800e-13
  29  54   7.3958500e-15
  29  55   0.0000000e+00
  30  36   7.0085000e-15
  30  37   4.9432900e-13
  30  38   2.2169800e-11
  30  39   4.6966130e-10
  30  40   1.2682800e-08
  30  41   2.1201230e-07
  30  42   1.6777200e-06
  30  43   7.8620720e-06
  30  44   2.0901600e-05
  30  45   5.1440100e-05
  30  46   6.7897700e-05
  30  47   4.2747980e-05
  30  48   2.8291600e-05
  30  49   7.5697100e-06
  30  50   1.2982400e-06
  30  51   1.4779900e-07
  30  52   1.7576200e-08
  30  53   2.5664400e-10
  30  54   1.5279200e-11
  30  55   2.2508200e-13
  30  56   0.0000000e+00
  31  36   0.0000000e+00
  31  37   6.1251500e-15
  31  38   3.5052300e-13
  31  39   2.1970100e-11
  31  40   1.5479000e-09
  31  41   2.6663800e-08
  31  42   4.2142700e-07
  31  43   2.5565300e-06
  31  44   2.2409500e-05
  31  45   5.4456000e-05
  31  46   1.3774300e-04
  31  47   1.7031900e-04
  31  48   1.8816400e-04
  31  49   7.5137900e-05
  31  50   3.8337900e-05
  31  51   1.1314600e-05
  31  52   7.7994000e-07
  31  53   1.1883800e-07
  31  54   3.5150000e-09
  31  55   1.2183400e-10
  31  56   1.0331100e-12
  31  57   2.2346000e-14
  31  58   0.0000000e+00
  32  37   0.0000000e+00
  32  38   1.8372300e-14
  32  39   1.2223400e-12
  32  40   9.2374500e-11
  32  41   3.3654300e-09
  32  42   8.4784800e-08
  32  43   1.5948330e-06
  32  44   1.4370400e-05
  32  45   7.2970820e-05
  32  46   3.2705600e-04
  32  47   1.1389630e-03
  32  48   1.8062800e-03
  32  49   1.2635170e-03
  32  50   8.1823800e-04
  32  51   2.4717400e-04
  32  52   1.7236600e-04
  32  53   1.3152200e-05
  32  54   2.1770500e-06
  32  55   3.5850300e-08
  32  56   1.0585400e-09
  32  57   1.0039100e-11
  32  58   2.3899600e-12
  32  59   0.0000000e+00
  33  39   0.0000000e+00
  33  40   5.6922700e-13
  33  41   3.4053700e-11
  33  42   2.7862100e-09
  33  43   5.5524500e-08
  33  44   1.1883800e-06
  33  45   1.1564300e-05
  33  46   9.5110700e-05
  33  47   4.1736300e-04
  33  48   2.0466400e-03
  33  49   3.1705720e-03
  33  50   4.5624700e-03
  33  51   1.5545600e-03
  33  52   1.0499500e-03
  33  53   4.2694000e-04
  33  54   3.2575700e-05
  33  55   2.4466800e-06
  33  56   1.5677700e-07
  33  57   2.7340800e-08
  33  58   0.0000000e+00
  33  59   1.8214100e-12
  33  60   3.4456500e-12
  33  61   0.0000000e+00
  33  62   0.0000000e+00
  34  40   0.0000000e+00
  34  41   4.9532700e-13
  34  42   4.2741900e-11
  34  43   2.1121230e-09
  34  44   9.6269200e-08
  34  45   3.0079120e-06
  34  46   3.3394700e-05
  34  47   2.4566660e-04
  34  48   1.8489000e-03
  34  49   4.9455040e-03
  34  50   1.2368000e-02
  34  51   1.1746800e-02
  34  52   7.9977300e-03
  34  53   3.2800400e-03
  34  54   1.0902400e-03
  34  55   1.7119800e-04
  34  56   5.7464600e-05
  34  57   3.9605700e-06
  34  58   8.6280900e-08
  34  59   1.1956800e-07
  34  60   2.1570700e-11
  34  61   1.3240600e-13
  34  62   0.0000000e+00
  35  42   7.9491900e-14
  35  43   9.0177400e-12
  35  44   1.3351820e-09
  35  45   9.7767200e-08
  35  46   1.5279200e-06
  35  47   8.2587700e-06
  35  48   3.6569300e-04
  35  49   2.2186140e-03
  35  50   8.8547100e-03
  35  51   1.3778600e-02
  35  52   1.7235700e-02
  35  53   1.1707600e-02
  35  54   5.9848900e-03
  35  55   2.2043000e-03
  35  56   4.7477500e-04
  35  57   5.7442000e-05
  35  58   8.2847700e-05
  35  59   1.7376400e-07
  35  60   2.0677300e-09
  35  61   8.9578200e-11
  35  62   2.5813600e-12
  35  63   1.8340500e-12
  35  64   0.0000000e+00
  35  65   0.0000000e+00
  36  43   5.7422030e-14
  36  44   8.7181500e-12
  36  45   8.0890000e-10
  36  46   2.3967400e-08
  36  47   1.5648770e-06
  36  48   3.5292000e-05
  36  49   1.1719380e-03
  36  50   5.6855500e-03
  36  51   1.8560200e-02
  36  52   3.8299900e-02
  36  53   4.6398500e-02
  36  54   3.9426400e-02
  36  55   1.9090500e-02
  36  56   7.4974000e-03
  36  57   1.4857500e-03
  36  58   2.5994600e-04
  36  59   3.1836000e-06
  36  60   1.5978300e-06
  36  61   8.9575700e-08
  36  62   8.6880100e-08
  36  63   1.0460500e-11
  36  64   2.8061900e-13
  36  65   0.0000000e+00
  36  66   0.0000000e+00
  37  44   0.0000000e+00
  37  45   0.0000000e+00
  37  46   1.9972900e-10
  37  47   1.2691038e-08
  37  48   6.1915800e-07
  37  49   8.9877900e-06
  37  50   7.4888200e-04
  37  51   3.4049400e-03
  37  52   9.9841900e-03
  37  53   2.3230820e-02
  37  54   3.4133800e-02
  37  55   2.9220100e-02
  37  56   1.8419700e-02
  37  57   5.8901500e-03
  37  58   2.1388200e-03
  37  59   3.1304400e-04
  37  60   8.1369500e-05
  37  61   1.2392470e-05
  37  62   1.6335800e-07
  37  63   7.2601400e-09
  37  64   6.4461800e-11
  37  65   2.0132400e-12
  37  66   2.1151700e-13
  37  67   0.0000000e+00
  37  68   0.0000000e+00
  38  45   0.0000000e+00
  38  46   6.7308500e-13
  38  47   9.7068100e-11
  38  48   7.8393400e-09
  38  49   3.5621660e-07
  38  50   1.0825300e-05
  38  51   1.0901000e-03
  38  52   3.3525200e-03
  38  53   1.1099300e-02
  38  54   2.6770000e-02
  38  55   4.4400000e-02
  38  56   4.8341800e-02
  38  57   3.2628300e-02
  38  58   1.7962700e-02
  38  59   6.4138000e-03
  38  60   2.1976700e-03
  38  61   2.5151500e-04
  38  62   3.3844000e-05
  38  63   2.2369000e-06
  38  64   9.5368400e-08
  38  65   7.3398600e-09
  38  66   0.0000000e+00
  38  67   0.0000000e+00
  38  68   0.0000000e+00
  38  69   0.0000000e+00
  39  47   0.0000000e+00
  39  48   4.7296800e-13
  39  49   1.0600740e-09
  39  50   6.0318100e-08
  39  51   1.4080850e-06
  39  52   2.8301470e-05
  39  53   1.5993300e-03
  39  54   4.9866440e-03
  39  55   1.3083100e-02
  39  56   2.5344600e-02
  39  57   2.7654840e-02
  39  58   2.6726720e-02
  39  59   1.2952000e-02
  39  60   7.0859000e-03
  39  61   3.2281420e-03
  39  62   5.3233700e-04
  39  63   4.7344300e-05
  39  64   5.0857400e-06
  39  65   1.4580200e-10
  39  66   1.6460800e-12
  39  67   4.6605400e-16
  39  68   2.2987200e-16
  39  69   0.0000000e+00
  39  70   2.4635400e-14
  40  48   1.7875800e-14
  40  49   1.7712300e-12
  40  50   3.0158920e-10
  40  51   1.5578800e-08
  40  52   6.5610900e-07
  40  53   1.2093600e-05
  40  54   1.0900600e-03
  40  55   3.4341000e-03
  40  56   1.0729200e-02
  40  57   2.2030000e-02
  40  58   3.4347600e-02
  40  59   3.2987600e-02
  40  60   3.1295600e-02
  40  61   1.3346800e-02
  40  62   6.1039800e-03
  40  63   1.3501900e-03
  40  64   1.7706000e-04
  40  65   1.8345000e-05
  40  66   7.0903600e-09
  40  67   2.5618500e-09
  40  68   5.3627200e-12
  40  69   8.5487800e-10
  40  70   3.1557100e-12
  40  71   1.3655700e-14
  40  72   0.0000000e+00
  41  49   0.0000000e+00
  41  50   1.0930300e-13
  41  51   6.2282200e-12
  41  52   1.5908380e-09
  41  53   5.1629800e-08
  41  54   1.6527580e-06
  41  55   5.5774200e-05
  41  56   9.4763200e-04
  41  57   2.0196980e-03
  41  58   7.8621100e-03
  41  59   9.2078200e-03
  41  60   1.5199600e-02
  41  61   9.8874300e-03
  41  62   6.3977600e-03
  41  63   1.5803600e-03
  41  64   6.4442400e-04
  41  65   3.8287900e-05
  41  66   8.7755100e-06
  41  67   8.1289600e-07
  41  68   5.9233900e-07
  41  69   1.2383200e-08
  41  70   2.1325600e-10
  41  71   1.9963800e-13
  41  72   8.5021400e-15
  41  73   0.0000000e+00
  41  74   0.0000000e+00
  42  50   0.0000000e+00
  42  51   1.9972810e-14
  42  52   3.1357400e-12
  42  53   2.5964700e-10
  42  54   1.5978300e-08
  42  55   4.8134600e-07
  42  56   9.4072100e-06
  42  57   9.9293000e-04
  42  58   2.6912000e-03
  42  59   2.5799200e-03
  42  60   7.8809200e-03
  42  61   7.4981800e-03
  42  62   7.4423600e-03
  42  63   3.5906400e-03
  42  64   2.0505800e-03
  42  65   8.5414000e-04
  42  66   4.5278500e-04
  42  67   6.5181500e-05
  42  68   9.1775300e-06
  42  69   3.2834000e-07
  42  70   9.4569500e-09
  42  71   2.9503300e-10
  42  72   4.6337000e-12
  42  73   3.3579000e-14
  42  74   0.0000000e+00
  42  75   0.0000000e+00
  43  52   0.0000000e+00
  43  53   0.0000000e+00
  43  54   1.8075380e-11
  43  55   8.8080300e-10
  43  56   4.1543590e-08
  43  57   7.4598600e-07
  43  58   8.5483900e-06
  43  59   6.8986100e-05
  43  60   4.5782700e-04
  43  61   5.7490900e-04
  43  62   5.9526100e-04
  43  63   3.1474200e-04
  43  64   2.8003900e-04
  43  65   2.9756600e-04
  43  66   2.0701900e-04
  43  67   9.0307200e-05
  43  68   1.8754500e-05
  43  69   1.6977000e-06
  43  70   2.0442600e-07
  43  71   1.1684100e-08
  43  72   5.2438900e-10
  43  73   1.1983700e-11
  43  74   1.1165700e-13
  43  75   3.0356800e-15
  43  76   0.0000000e+00
  43  77   0.0000000e+00
  44  54   1.4580200e-14
  44  55   1.7875800e-12
  44  56   1.4480300e-10
  44  57   4.1244000e-09
  44  58   1.4680000e-07
  44  59   1.6718100e-06
  44  60   1.9673300e-09
  44  61   1.1732100e-04
  44  62   5.5594400e-05
  44  63   8.0990000e-07
  44  64   5.1530000e-06
  44  65   1.1831900e-04
  44  66   2.7145100e-04
  44  67   1.5066500e-04
  44  68   6.9076200e-05
  44  69   2.0415620e-05
  44  70   5.7022500e-06
  44  71   8.0737800e-07
  44  72   7.3899500e-08
  44  73   3.8746200e-09
  44  74   1.4380100e-10
  44  75   2.3368200e-12
  44  76   2.7562500e-14
  44  77   6.3943500e-16
  44  78   0.0000000e+00
  44  79   0.0000000e+00
  44  80   0.0000000e+00
  45  55   0.0000000e+00
  45  56   2.5381100e-14
  45  57   3.3554500e-12
  45  58   1.7795840e-10
  45  59   0.0000000e+00
  45  60   0.0000000e+00
  45  61   2.4966060e-07
  45  62   8.9578200e-13
  45  63   2.1570590e-11
  45  64   2.0971400e-06
  45  65   1.5558800e-05
  45  66   4.3960300e-05
  45  67   6.0716830e-05
  45  68   7.1303100e-05
  45  69   4.6024970e-05
  45  70   2.3128600e-05
  45  71   6.2349980e-06
  45  72   1.3182100e-06
  45  73   1.2982400e-07
  45  74   1.0685400e-08
  45  75   3.4553000e-10
  45  76   9.9857900e-12
  45  77   1.9074100e-13
  45  78   0.0000000e+00
  45  79   0.0000000e+00
  45  80   0.0000000e+00
  45  81   0.0000000e+00
  45  82   0.0000000e+00
  45  83   0.0000000e+00
  46  56   0.0000000e+00
  46  57   0.0000000e+00
  46  58   0.0000000e+00
  46  59   0.0000000e+00
  46  60   0.0000000e+00
  46  61   0.0000000e+00
  46  62   0.0000000e+00
  46  63   4.3141400e-09
  46  64   2.2169800e-07
  46  65   1.9982850e-06
  46  66   1.1903800e-05
  46  67   3.8891250e-05
  46  68   8.1199700e-05
  46  69   1.0653210e-04
  46  70   9.2354500e-05
  46  71   4.9263270e-05
  46  72   2.3927500e-05
  46  73   5.0032000e-06
  46  74   7.9092500e-07
  46  75   6.1516400e-08
  46  76   5.9818700e-09
  46  77   0.0000000e+00
  46  78   0.0000000e+00
  46  79   0.0000000e+00
  46  80   0.0000000e+00
  46  81   0.0000000e+00
  46  82   0.0000000e+00
  46  83   3.8186300e-13
  46  84   0.0000000e+00
  46  85   0.0000000e+00
  47  58   0.0000000e+00
  47  59   0.0000000e+00
  47  60   0.0000000e+00
  47  61   0.0000000e+00
  47  62   1.9173930e-13
  47  63   3.6350600e-11
  47  64   2.1570700e-09
  47  65   3.4553000e-08
  47  66   7.2431500e-07
  47  67   3.9150740e-06
  47  68   2.4766330e-05
  47  69   3.5309170e-05
  47  70   6.9844990e-05
  47  71   6.6769300e-05
  47  72   5.5276900e-05
  47  73   2.2079920e-05
  47  74   8.0191000e-06
  47  75   2.0272410e-06
  47  76   6.9305900e-10
  47  77   7.2102000e-11
  47  78   8.9278700e-12
  47  79   7.4199100e-13
  47  80   7.3699800e-14
  47  81   0.0000000e+00
  47  82   5.9633800e-09
  47  83   4.1943000e-11
  47  84   1.4158600e-12
  47  85   0.0000000e+00
  47  86   0.0000000e+00
  48  60   0.0000000e+00
  48  61   0.0000000e+00
  48  62   0.0000000e+00
  48  63   2.3098690e-13
  48  64   2.4566600e-11
  48  65   1.4909680e-09
  48  66   3.0059100e-08
  48  67   5.7322200e-07
  48  68   3.1756800e-06
  48  69   1.6237980e-05
  48  70   6.2145500e-05
  48  71   1.1386530e-04
  48  72   1.6876100e-04
  48  73   1.3514640e-04
  48  74   1.4867800e-04
  48  75   1.9074810e-05
  48  76   9.7367700e-06
  48  77   3.0111010e-06
  48  78   1.2083600e-06
  48  79   3.6150900e-07
  48  80   5.0032000e-08
  48  81   9.1815500e-06
  48  82   7.9591800e-07
  48  83   4.9131800e-08
  48  84   7.3100700e-10
  48  85   1.4579200e-11
  48  86   1.0086200e-13
  48  87   0.0000000e+00
  48  88   0.0000000e+00
  49  61   0.0000000e+00
  49  62   0.0000000e+00
  49  63   0.0000000e+00
  49  64   6.0917200e-14
  49  65   3.3517070e-12
  49  66   2.4286950e-10
  49  67   4.3341060e-09
  49  68   1.0525700e-07
  49  69   9.8566000e-07
  49  70   7.7994000e-06
  49  71   2.5305590e-05
  49  72   7.9402100e-05
  49  73   1.8271160e-04
  49  74   4.1971920e-04
  49  75   3.5225300e-04
  49  76   4.3441020e-04
  49  77   3.8377800e-04
  49  78   6.4753830e-04
  49  79   2.1829300e-04
  49  80   9.1678600e-04
  49  81   1.6579830e-04
  49  82   5.5669340e-05
  49  83   1.7875800e-06
  49  84   2.2767600e-07
  49  85   3.8248000e-09
  49  86   2.7281200e-11
  49  87   2.8860800e-13
  49  88   0.0000000e+00
  49  89   0.0000000e+00
  50  63   0.0000000e+00
  50  64   0.0000000e+00
  50  65   1.2283300e-14
  50  66   1.1184800e-12
  50  67   7.3699900e-11
  50  68   3.4253400e-09
  50  69   7.0104700e-08
  50  70   1.0585600e-06
  50  71   7.8493300e-06
  50  72   7.5227800e-05
  50  73   1.6190960e-04
  50  74   3.8280900e-04
  50  75   7.2735200e-04
  50  76   1.8534000e-03
  50  77   4.8011300e-03
  50  78   6.6595000e-03
  50  79   1.0263210e-02
  50  80   7.7656100e-03
  50  81   5.0642400e-03
  50  82   8.4614000e-04
  50  83   2.8131800e-04
  50  84   2.5874800e-05
  50  85   9.4668600e-07
  50  86   2.9959200e-08
  50  87   3.0258800e-10
  50  88   5.6323500e-12
  50  89   6.1577700e-14
  50  90   0.0000000e+00
  51  65   0.0000000e+00
  51  66   0.0000000e+00
  51  67   1.2912450e-13
  51  68   1.3481700e-11
  51  69   5.4326100e-10
  51  70   1.9673300e-08
  51  71   5.2829500e-07
  51  72   8.2088400e-08
  51  73   4.1543400e-07
  51  74   3.2156300e-06
  51  75   1.7835770e-05
  51  76   1.7860800e-04
  51  77   1.4664470e-03
  51  78   4.2201800e-03
  51  79   1.0455890e-02
  51  80   1.4341900e-02
  51  81   1.0932240e-02
  51  82   7.9742300e-03
  51  83   2.0078610e-03
  51  84   3.7613900e-04
  51  85   3.2735500e-05
  51  86   1.6178000e-06
  51  87   7.7594500e-08
  51  88   9.6163100e-10
  51  89   1.4925400e-11
  51  90   7.1459500e-13
  51  91   0.0000000e+00
  51  92   0.0000000e+00
  52  67   0.0000000e+00
  52  68   5.1330200e-14
  52  69   5.0930800e-12
  52  70   6.2215400e-10
  52  71   6.9106100e-14
  52  72   1.5678700e-12
  52  73   3.4902500e-11
  52  74   8.0490600e-10
  52  75   2.2070010e-08
  52  76   4.1144100e-07
  52  77   3.1798740e-04
  52  78   2.4745800e-03
  52  79   1.6177810e-02
  52  80   3.5749700e-02
  52  81   4.3492200e-02
  52  82   3.8225500e-02
  52  83   1.6851600e-02
  52  84   7.1694200e-03
  52  85   8.7965500e-04
  52  86   1.9486500e-04
  52  87   5.9219500e-06
  52  88   7.0702400e-07
  52  89   2.4797200e-08
  52  90   2.4067300e-10
  52  91   1.8599200e-12
  52  92   2.8561600e-13
  52  93   0.0000000e+00
  53  69   0.0000000e+00
  53  70   0.0000000e+00
  53  71   0.0000000e+00
  53  72   0.0000000e+00
  53  73   0.0000000e+00
  53  74   0.0000000e+00
  53  75   7.4199100e-07
  53  76   5.5624400e-07
  53  77   2.5904720e-05
  53  78   3.6301700e-04
  53  79   1.9278230e-03
  53  80   7.1130100e-03
  53  81   2.0862470e-02
  53  82   3.3002800e-02
  53  83   2.2069180e-02
  53  84   1.5518800e-02
  53  85   5.9496000e-03
  53  86   2.1686100e-03
  53  87   2.2567300e-04
  53  88   1.7181800e-05
  53  89   8.8579700e-07
  53  90   2.9045600e-08
  53  91   3.2674100e-09
  53  92   1.7093900e-11
  53  93   3.4994600e-13
  53  94   0.0000000e+00
  53  95   0.0000000e+00
  54  71   0.0000000e+00
  54  72   0.0000000e+00
  54  73   0.0000000e+00
  54  74   3.5152200e-10
  54  75   9.6169300e-11
  54  76   2.5765000e-08
  54  77   3.7848500e-07
  54  78   9.7848500e-06
  54  79   5.5913000e-04
  54  80   1.7962200e-03
  54  81   1.2252660e-02
  54  82   3.7311600e-02
  54  83   4.4769500e-02
  54  84   4.2962200e-02
  54  85   2.9010100e-02
  54  86   1.5692500e-02
  54  87   3.3990800e-03
  54  88   8.9860800e-04
  54  89   4.4720200e-05
  54  90   6.8674000e-06
  54  91   5.9317700e-07
  54  92   1.6577100e-08
  54  93   1.7924700e-11
  54  94   1.6377800e-12
  54  95   1.0542700e-13
  54  96   0.0000000e+00
  55  73   0.0000000e+00
  55  74   0.0000000e+00
  55  75   0.0000000e+00
  55  76   1.5179400e-11
  55  77   1.0985000e-09
  55  78   7.4598600e-08
  55  79   2.6763700e-06
  55  80   5.8830100e-05
  55  81   1.2974080e-03
  55  82   7.1000400e-03
  55  83   9.6991600e-03
  55  84   2.6339000e-02
  55  85   2.8882800e-02
  55  86   3.3070100e-02
  55  87   1.2567600e-02
  55  88   4.0429800e-03
  55  89   1.0213700e-03
  55  90   2.4313000e-04
  55  91   1.7016900e-05
  55  92   2.7992300e-07
  55  93   2.0572100e-08
  55  94   1.6464100e-09
  55  95   4.0844500e-12
  55  96   1.1654200e-13
  55  97   0.0000000e+00
  56  75   0.0000000e+00
  56  76   2.0072700e-14
  56  77   2.0615000e-13
  56  78   7.5896900e-10
  56  79   4.8034800e-08
  56  80   4.5438200e-06
  56  81   3.5821300e-05
  56  82   3.1692900e-04
  56  83   5.6340100e-03
  56  84   1.9095100e-02
  56  85   2.6605600e-02
  56  86   4.8433300e-02
  56  87   3.6642400e-02
  56  88   3.1732400e-02
  56  89   1.1656100e-02
  56  90   3.5155000e-03
  56  91   4.3098400e-04
  56  92   4.7145900e-05
  56  93   2.5349100e-06
  56  94   1.0885200e-07
  56  95   4.0441200e-09
  56  96   3.3155000e-11
  56  97   1.7136800e-13
  56  98   0.0000000e+00
  57  76   0.0000000e+00
  57  77   0.0000000e+00
  57  78   7.7095300e-13
  57  79   0.0000000e+00
  57  80   8.0191000e-09
  57  81   1.7875800e-07
  57  82   5.6523200e-06
  57  83   2.6315200e-04
  57  84   1.6284500e-03
  57  85   4.6315500e-03
  57  86   1.8588300e-02
  57  87   1.2832600e-02
  57  88   1.7681000e-02
  57  89   1.0888300e-02
  57  90   5.3335600e-03
  57  91   1.3164700e-03
  57  92   3.0253800e-04
  57  93   3.1836700e-05
  57  94   2.8021400e-06
  57  95   1.0785300e-07
  57  96   2.6761900e-09
  57  97   2.9160400e-11
  57  98   1.4504000e-13
  57  99   2.7616300e-15
  57 100   0.0000000e+00
  58  77   0.0000000e+00
  58  78   0.0000000e+00
  58  79   1.4831800e-14
  58  80   1.6606000e-12
  58  81   1.4630110e-09
  58  82   8.7680900e-08
  58  83   1.8474900e-06
  58  84   3.4283400e-05
  58  85   2.9307200e-04
  58  86   1.6005800e-03
  58  87   4.8068100e-03
  58  88   1.1205700e-02
  58  89   1.0800600e-02
  58  90   1.0059800e-02
  58  91   4.7003600e-03
  58  92   2.0256400e-03
  58  93   3.6292920e-04
  58  94   6.6659400e-05
  58  95   4.0944400e-06
  58  96   2.0372300e-07
  58  97   5.0330200e-09
  58  98   1.3082000e-10
  58  99   1.3381900e-12
  58 100   0.0000000e+00
  58 101   7.7371700e-17
  58 102   0.0000000e+00
  59  79   0.0000000e+00
  59  80   0.0000000e+00
  59  81   1.1384500e-12
  59  82   1.0685400e-10
  59  83   5.2828100e-09
  59  84   2.1271100e-07
  59  85   2.7512680e-06
  59  86   3.7129600e-05
  59  87   1.9888000e-04
  59  88   7.8750000e-04
  59  89   1.5085520e-03
  59  90   2.5344700e-03
  59  91   2.1948000e-03
  59  92   1.6083900e-03
  59  93   5.5613400e-04
  59  94   1.4332500e-04
  59  95   1.6257900e-05
  59  96   1.8275100e-06
  59  97   1.1484400e-07
  59  98   5.2428800e-09
  59  99   6.3913100e-11
  59 100   1.2082800e-12
  59 101   0.0000000e+00
  59 102   6.9066300e-17
  59 103   0.0000000e+00
  60  81   0.0000000e+00
  60  82   1.4580200e-13
  60  83   1.5279200e-11
  60  84   9.1176100e-10
  60  85   3.1257500e-08
  60  86   7.7894100e-07
  60  87   7.5097900e-06
  60  88   6.2974400e-05
  60  89   2.3346300e-04
  60  90   7.9364100e-04
  60  91   1.1144300e-03
  60  92   1.4394100e-03
  60  93   7.4314000e-04
  60  94   3.1828700e-04
  60  95   7.8293600e-05
  60  96   2.0512100e-05
  60  97   2.1171300e-06
  60  98   1.1484400e-07
  60  99   5.1130500e-09
  60 100   1.5678700e-10
  60 101   2.3966700e-12
  60 102   6.3577100e-15
  60 103   0.0000000e+00
  60 104   0.0000000e+00
  61  83   0.0000000e+00
  61  84   5.1829600e-13
  61  85   1.0985000e-10
  61  86   1.4979600e-09
  61  87   1.2902460e-08
  61  88   5.3527300e-07
  61  89   4.3640700e-06
  61  90   2.6414100e-05
  61  91   7.0344400e-05
  61  92   1.4091800e-04
  61  93   1.1797930e-04
  61  94   1.0739400e-04
  61  95   5.5754200e-05
  61  96   2.1570700e-05
  61  97   2.5465400e-06
  61  98   4.6736500e-07
  61  99   3.2655600e-08
  61 100   2.1770500e-09
  61 101   1.6577500e-11
  61 102   5.3028000e-13
  61 103   8.7055700e-15
  61 104   0.0000000e+00
  61 105   4.6167600e-19
  62  84   0.0000000e+00
  62  85   2.9360100e-14
  62  86   3.0558400e-12
  62  87   1.2483000e-10
  62  88   4.8633900e-09
  62  89   6.9905000e-08
  62  90   8.3786100e-07
  62  91   4.2077410e-06
  62  92   1.3511700e-05
  62  93   2.6304200e-05
  62  94   5.0611200e-05
  62  95   3.7019700e-05
  62  96   1.5858400e-05
  62  97   5.7122400e-06
  62  98   1.5279200e-06
  62  99   2.1970100e-07
  62 100   6.9705200e-09
  62 101   5.1330200e-10
  62 102   2.2569300e-11
  62 103   6.0417900e-13
  62 104   2.1869800e-14
  62 105   9.3197700e-17
  62 106   0.0000000e+00
  63  86   0.0000000e+00
  63  87   0.0000000e+00
  63  88   3.8148100e-12
  63  89   1.1404502e-10
  63  90   2.7562500e-09
  63  91   2.0771680e-08
  63  92   1.8075400e-07
  63  93   7.8093800e-07
  63  94   2.2169800e-06
  63  95   1.9373700e-06
  63  96   2.4866200e-06
  63  97   1.2582900e-06
  63  98   6.4512400e-07
  63  99   4.0844500e-08
  63 100   1.1684100e-08
  63 101   1.1284600e-09
  63 102   1.2383200e-10
  63 103   1.0385800e-11
  63 104   1.7076800e-13
  63 105   3.5015100e-15
  63 106   5.8427100e-17
  63 107   4.8215500e-19
  64  87   0.0000000e+00
  64  88   0.0000000e+00
  64  89   1.7376400e-13
  64  90   6.0717500e-12
  64  91   1.3641090e-10
  64  92   2.5565300e-09
  64  93   1.6577500e-08
  64  94   6.4312600e-08
  64  95   1.7676000e-07
  64  96   3.4053700e-07
  64  97   3.4153500e-07
  64  98   7.6496100e-08
  64  99   4.1543600e-08
  64 100   1.4480300e-08
  64 101   3.1257500e-09
  64 102   1.0385800e-09
  64 103   3.7948400e-11
  64 104   2.0871700e-12
  64 105   8.9278700e-14
  64 106   4.2690200e-15
  64 107   6.1793400e-17
  64 108   9.0710100e-19
  65  89   0.0000000e+00
  65  90   0.0000000e+00
  65  91   3.7507000e-14
  65  92   2.7262900e-12
  65  93   3.5345540e-11
  65  94   2.9460000e-10
  65  95   1.3581600e-09
  65  96   5.5824100e-09
  65  97   2.6364200e-09
  65  98   5.3527300e-09
  65  99   3.5951100e-09
  65 100   2.6663700e-09
  65 101   1.6877100e-09
  65 102   2.2569300e-10
  65 103   2.5665200e-11
  65 104   4.4140000e-12
  65 105   3.8447700e-13
  65 106   2.4666500e-14
  65 107   1.2172900e-15
  66  91   0.0000000e+00
  66  92   0.0000000e+00
  66  93   5.2328900e-14
  66  94   1.0785300e-12
  66  95   9.9265100e-12
  66  96   2.1271100e-11
  66  97   9.7367700e-11
  66  98   2.6364100e-10
  66  99   3.9496310e-10
  66 100   9.2474400e-10
  66 101   2.3568000e-10
  66 102   9.4271900e-11
  66 103   3.1157600e-11
  66 104   1.0086200e-11
  66 105   1.3581600e-12
  66 106   1.9173900e-13
  67  93   0.0000000e+00
  67  94   0.0000000e+00
  67  95   3.7798600e-15
  67  96   3.7667200e-14
  67  97   2.4976050e-13
  67  98   1.5479000e-12
  67  99   8.0790300e-12
  67 100   8.1988500e-12
  67 101   7.5434100e-12
  67 102   8.0091200e-12
  67 103   4.9333000e-12
  67 104   2.3468100e-12
  67 105   6.2515000e-13
  68  95   0.0000000e+00
  68  96   0.0000000e+00
  68  97   8.6789200e-16
  68  98   1.4779900e-14
  68  99   3.2317230e-14
  68 100   1.1983700e-13
  68 101   3.1657000e-13
  68 102   7.6196500e-13
  68 103   7.2501500e-13
  68 104   6.7608100e-13
  69  97   0.0000000e+00
  69  98   0.0000000e+00
  69  99   4.2233200e-17
  69 100   4.5243600e-16
  69 101   2.5380600e-15
  69 102   8.9628500e-15
  69 103   1.2682800e-14
  70  98   0.0000000e+00
  70  99   0.0000000e+00
  70 100   8.1098400e-19
  70 101   7.9799400e-18
  70 102   6.3875000e-17
  71 101   0.0000000e+00
