# 3D Plot Data for U-233 Neutron-induced Fission Yields at 0.0253 (eV)
# JENDL FP Fission Yields Data File 2011 (FPY-2011)
# *) Raw Data
# [Independent]
#  Z   A   Fission Yield
  23  66   5.1648700e-19
  24  66   2.4466300e-14
  24  67   4.1014300e-15
  24  68   0.0000000e+00
  24  69   1.0167000e-17
  24  70   0.0000000e+00
  25  66   9.6568800e-12
  25  67   5.5724300e-12
  25  68   9.3772500e-13
  25  69   1.5877400e-13
  25  70   1.5678700e-14
  25  71   0.0000000e+00
  25  72   8.2005500e-17
  25  73   0.0000000e+00
  26  66   8.1489300e-10
  26  67   1.0385800e-09
  26  68   7.3999400e-10
  26  69   2.8261600e-10
  26  70   1.2383200e-10
  26  71   3.2555800e-11
  26  72   3.8846400e-12
  26  73   2.2169800e-13
  26  74   0.0000000e+00
  26  75   6.9698400e-16
  26  76   0.0000000e+00
  27  66   1.1384500e-09
  27  67   5.2628500e-09
  27  68   1.2198000e-08
  27  69   1.1384500e-08
  27  70   1.0914950e-08
  27  71   1.2582900e-08
  27  72   3.5152200e-09
  27  73   8.9378600e-10
  27  74   8.4285500e-11
  27  75   1.0884500e-11
  27  76   4.0145500e-13
  27  77   1.4762900e-14
  27  78   6.1978400e-16
  28  66   5.3227700e-10
  28  67   4.7335700e-09
  28  68   2.4267000e-08
  28  69   6.1509300e-08
  28  70   2.4267000e-07
  28  71   5.6922700e-07
  28  72   6.4612200e-07
  28  73   3.7049700e-07
  28  74   1.5079500e-07
  28  75   4.6037400e-08
  28  76   7.3699800e-09
  28  77   5.1228900e-10
  28  78   2.9359400e-11
  28  79   4.5719600e-13
  28  80   0.0000000e+00
  28  81   0.0000000e+00
  28  82   0.0000000e+00
  29  66   3.9146800e-12
  29  67   1.3981000e-10
  29  68   1.4690010e-09
  29  69   1.4480300e-08
  29  70   1.1065010e-07
  29  71   8.2088400e-07
  29  72   1.8075400e-06
  29  73   3.8947100e-06
  29  74   3.3554400e-06
  29  75   4.2042800e-06
  29  76   1.3668980e-06
  29  77   4.6536700e-07
  29  78   6.5411200e-08
  29  79   7.1398400e-09
  29  80   2.6264300e-10
  29  81   1.1684100e-11
  29  82   2.8860800e-13
  29  83   7.3958500e-15
  29  84   0.0000000e+00
  30  66   7.0085000e-15
  30  67   4.9432900e-13
  30  68   2.2169800e-11
  30  69   4.6966130e-10
  30  70   1.2682800e-08
  30  71   2.1201230e-07
  30  72   1.6777200e-06
  30  73   7.8620720e-06
  30  74   2.0901600e-05
  30  75   5.1440100e-05
  30  76   6.7897700e-05
  30  77   4.2747980e-05
  30  78   2.8291600e-05
  30  79   7.5697100e-06
  30  80   1.2982400e-06
  30  81   1.4779900e-07
  30  82   1.7576200e-08
  30  83   2.5664400e-10
  30  84   1.5279200e-11
  30  85   2.2508200e-13
  30  86   0.0000000e+00
  31  67   0.0000000e+00
  31  68   6.1251500e-15
  31  69   3.5052300e-13
  31  70   2.1970100e-11
  31  71   1.5479000e-09
  31  72   2.6663800e-08
  31  73   4.2142700e-07
  31  74   2.5565300e-06
  31  75   2.2409500e-05
  31  76   5.4456000e-05
  31  77   1.3774300e-04
  31  78   1.7031900e-04
  31  79   1.8816400e-04
  31  80   7.5137900e-05
  31  81   3.8337900e-05
  31  82   1.1314600e-05
  31  83   7.7994000e-07
  31  84   1.1883800e-07
  31  85   3.5150000e-09
  31  86   1.2183400e-10
  31  87   1.0331100e-12
  31  88   2.2346000e-14
  31  89   0.0000000e+00
  32  69   0.0000000e+00
  32  70   1.8372300e-14
  32  71   1.2223400e-12
  32  72   9.2374500e-11
  32  73   3.3654300e-09
  32  74   8.4784800e-08
  32  75   1.5948330e-06
  32  76   1.4370400e-05
  32  77   7.2970820e-05
  32  78   3.2705600e-04
  32  79   1.1389630e-03
  32  80   1.8062800e-03
  32  81   1.2635170e-03
  32  82   8.1823800e-04
  32  83   2.4717400e-04
  32  84   1.7236600e-04
  32  85   1.3152200e-05
  32  86   2.1770500e-06
  32  87   3.5850300e-08
  32  88   1.0585400e-09
  32  89   1.0039100e-11
  32  90   2.3899600e-12
  32  91   0.0000000e+00
  33  72   0.0000000e+00
  33  73   5.6922700e-13
  33  74   3.4053700e-11
  33  75   2.7862100e-09
  33  76   5.5524500e-08
  33  77   1.1883800e-06
  33  78   1.1564300e-05
  33  79   9.5110700e-05
  33  80   4.1736300e-04
  33  81   2.0466400e-03
  33  82   3.1705720e-03
  33  83   4.5624700e-03
  33  84   1.5545600e-03
  33  85   1.0499500e-03
  33  86   4.2694000e-04
  33  87   3.2575700e-05
  33  88   2.4466800e-06
  33  89   1.5677700e-07
  33  90   2.7340800e-08
  33  91   0.0000000e+00
  33  92   1.8214100e-12
  33  93   3.4456500e-12
  33  94   0.0000000e+00
  33  95   0.0000000e+00
  34  74   0.0000000e+00
  34  75   4.9532700e-13
  34  76   4.2741900e-11
  34  77   2.1121230e-09
  34  78   9.6269200e-08
  34  79   3.0079120e-06
  34  80   3.3394700e-05
  34  81   2.4566660e-04
  34  82   1.8489000e-03
  34  83   4.9455040e-03
  34  84   1.2368000e-02
  34  85   1.1746800e-02
  34  86   7.9977300e-03
  34  87   3.2800400e-03
  34  88   1.0902400e-03
  34  89   1.7119800e-04
  34  90   5.7464600e-05
  34  91   3.9605700e-06
  34  92   8.6280900e-08
  34  93   1.1956800e-07
  34  94   2.1570700e-11
  34  95   1.3240600e-13
  34  96   0.0000000e+00
  35  77   7.9491900e-14
  35  78   9.0177400e-12
  35  79   1.3351820e-09
  35  80   9.7767200e-08
  35  81   1.5279200e-06
  35  82   8.2587700e-06
  35  83   3.6569300e-04
  35  84   2.2186140e-03
  35  85   8.8547100e-03
  35  86   1.3778600e-02
  35  87   1.7235700e-02
  35  88   1.1707600e-02
  35  89   5.9848900e-03
  35  90   2.2043000e-03
  35  91   4.7477500e-04
  35  92   5.7442000e-05
  35  93   8.2847700e-05
  35  94   1.7376400e-07
  35  95   2.0677300e-09
  35  96   8.9578200e-11
  35  97   2.5813600e-12
  35  98   1.8340500e-12
  35  99   0.0000000e+00
  35 100   0.0000000e+00
  36  79   5.7422030e-14
  36  80   8.7181500e-12
  36  81   8.0890000e-10
  36  82   2.3967400e-08
  36  83   1.5648770e-06
  36  84   3.5292000e-05
  36  85   1.1719380e-03
  36  86   5.6855500e-03
  36  87   1.8560200e-02
  36  88   3.8299900e-02
  36  89   4.6398500e-02
  36  90   3.9426400e-02
  36  91   1.9090500e-02
  36  92   7.4974000e-03
  36  93   1.4857500e-03
  36  94   2.5994600e-04
  36  95   3.1836000e-06
  36  96   1.5978300e-06
  36  97   8.9575700e-08
  36  98   8.6880100e-08
  36  99   1.0460500e-11
  36 100   2.8061900e-13
  36 101   0.0000000e+00
  36 102   0.0000000e+00
  37  81   0.0000000e+00
  37  82   0.0000000e+00
  37  83   1.9972900e-10
  37  84   1.2691038e-08
  37  85   6.1915800e-07
  37  86   8.9877900e-06
  37  87   7.4888200e-04
  37  88   3.4049400e-03
  37  89   9.9841900e-03
  37  90   2.3230820e-02
  37  91   3.4133800e-02
  37  92   2.9220100e-02
  37  93   1.8419700e-02
  37  94   5.8901500e-03
  37  95   2.1388200e-03
  37  96   3.1304400e-04
  37  97   8.1369500e-05
  37  98   1.2392470e-05
  37  99   1.6335800e-07
  37 100   7.2601400e-09
  37 101   6.4461800e-11
  37 102   2.0132400e-12
  37 103   2.1151700e-13
  37 104   0.0000000e+00
  37 105   0.0000000e+00
  38  83   0.0000000e+00
  38  84   6.7308500e-13
  38  85   9.7068100e-11
  38  86   7.8393400e-09
  38  87   3.5621660e-07
  38  88   1.0825300e-05
  38  89   1.0901000e-03
  38  90   3.3525200e-03
  38  91   1.1099300e-02
  38  92   2.6770000e-02
  38  93   4.4400000e-02
  38  94   4.8341800e-02
  38  95   3.2628300e-02
  38  96   1.7962700e-02
  38  97   6.4138000e-03
  38  98   2.1976700e-03
  38  99   2.5151500e-04
  38 100   3.3844000e-05
  38 101   2.2369000e-06
  38 102   9.5368400e-08
  38 103   7.3398600e-09
  38 104   0.0000000e+00
  38 105   0.0000000e+00
  38 106   0.0000000e+00
  38 107   0.0000000e+00
  39  86   0.0000000e+00
  39  87   4.7296800e-13
  39  88   1.0600740e-09
  39  89   6.0318100e-08
  39  90   1.4080850e-06
  39  91   2.8301470e-05
  39  92   1.5993300e-03
  39  93   4.9866440e-03
  39  94   1.3083100e-02
  39  95   2.5344600e-02
  39  96   2.7654840e-02
  39  97   2.6726720e-02
  39  98   1.2952000e-02
  39  99   7.0859000e-03
  39 100   3.2281420e-03
  39 101   5.3233700e-04
  39 102   4.7344300e-05
  39 103   5.0857400e-06
  39 104   1.4580200e-10
  39 105   1.6460800e-12
  39 106   4.6605400e-16
  39 107   2.2987200e-16
  39 108   0.0000000e+00
  39 109   2.4635400e-14
  40  88   1.7875800e-14
  40  89   1.7712300e-12
  40  90   3.0158920e-10
  40  91   1.5578800e-08
  40  92   6.5610900e-07
  40  93   1.2093600e-05
  40  94   1.0900600e-03
  40  95   3.4341000e-03
  40  96   1.0729200e-02
  40  97   2.2030000e-02
  40  98   3.4347600e-02
  40  99   3.2987600e-02
  40 100   3.1295600e-02
  40 101   1.3346800e-02
  40 102   6.1039800e-03
  40 103   1.3501900e-03
  40 104   1.7706000e-04
  40 105   1.8345000e-05
  40 106   7.0903600e-09
  40 107   2.5618500e-09
  40 108   5.3627200e-12
  40 109   8.5487800e-10
  40 110   3.1557100e-12
  40 111   1.3655700e-14
  40 112   0.0000000e+00
  41  90   0.0000000e+00
  41  91   1.0930300e-13
  41  92   6.2282200e-12
  41  93   1.5908380e-09
  41  94   5.1629800e-08
  41  95   1.6527580e-06
  41  96   5.5774200e-05
  41  97   9.4763200e-04
  41  98   2.0196980e-03
  41  99   7.8621100e-03
  41 100   9.2078200e-03
  41 101   1.5199600e-02
  41 102   9.8874300e-03
  41 103   6.3977600e-03
  41 104   1.5803600e-03
  41 105   6.4442400e-04
  41 106   3.8287900e-05
  41 107   8.7755100e-06
  41 108   8.1289600e-07
  41 109   5.9233900e-07
  41 110   1.2383200e-08
  41 111   2.1325600e-10
  41 112   1.9963800e-13
  41 113   8.5021400e-15
  41 114   0.0000000e+00
  41 115   0.0000000e+00
  42  92   0.0000000e+00
  42  93   1.9972810e-14
  42  94   3.1357400e-12
  42  95   2.5964700e-10
  42  96   1.5978300e-08
  42  97   4.8134600e-07
  42  98   9.4072100e-06
  42  99   9.9293000e-04
  42 100   2.6912000e-03
  42 101   2.5799200e-03
  42 102   7.8809200e-03
  42 103   7.4981800e-03
  42 104   7.4423600e-03
  42 105   3.5906400e-03
  42 106   2.0505800e-03
  42 107   8.5414000e-04
  42 108   4.5278500e-04
  42 109   6.5181500e-05
  42 110   9.1775300e-06
  42 111   3.2834000e-07
  42 112   9.4569500e-09
  42 113   2.9503300e-10
  42 114   4.6337000e-12
  42 115   3.3579000e-14
  42 116   0.0000000e+00
  42 117   0.0000000e+00
  43  95   0.0000000e+00
  43  96   0.0000000e+00
  43  97   1.8075380e-11
  43  98   8.8080300e-10
  43  99   4.1543590e-08
  43 100   7.4598600e-07
  43 101   8.5483900e-06
  43 102   6.8986100e-05
  43 103   4.5782700e-04
  43 104   5.7490900e-04
  43 105   5.9526100e-04
  43 106   3.1474200e-04
  43 107   2.8003900e-04
  43 108   2.9756600e-04
  43 109   2.0701900e-04
  43 110   9.0307200e-05
  43 111   1.8754500e-05
  43 112   1.6977000e-06
  43 113   2.0442600e-07
  43 114   1.1684100e-08
  43 115   5.2438900e-10
  43 116   1.1983700e-11
  43 117   1.1165700e-13
  43 118   3.0356800e-15
  43 119   0.0000000e+00
  43 120   0.0000000e+00
  44  98   1.4580200e-14
  44  99   1.7875800e-12
  44 100   1.4480300e-10
  44 101   4.1244000e-09
  44 102   1.4680000e-07
  44 103   1.6718100e-06
  44 104   1.9673300e-09
  44 105   1.1732100e-04
  44 106   5.5594400e-05
  44 107   8.0990000e-07
  44 108   5.1530000e-06
  44 109   1.1831900e-04
  44 110   2.7145100e-04
  44 111   1.5066500e-04
  44 112   6.9076200e-05
  44 113   2.0415620e-05
  44 114   5.7022500e-06
  44 115   8.0737800e-07
  44 116   7.3899500e-08
  44 117   3.8746200e-09
  44 118   1.4380100e-10
  44 119   2.3368200e-12
  44 120   2.7562500e-14
  44 121   6.3943500e-16
  44 122   0.0000000e+00
  44 123   0.0000000e+00
  44 124   0.0000000e+00
  45 100   0.0000000e+00
  45 101   2.5381100e-14
  45 102   3.3554500e-12
  45 103   1.7795840e-10
  45 104   0.0000000e+00
  45 105   0.0000000e+00
  45 106   2.4966060e-07
  45 107   8.9578200e-13
  45 108   2.1570590e-11
  45 109   2.0971400e-06
  45 110   1.5558800e-05
  45 111   4.3960300e-05
  45 112   6.0716830e-05
  45 113   7.1303100e-05
  45 114   4.6024970e-05
  45 115   2.3128600e-05
  45 116   6.2349980e-06
  45 117   1.3182100e-06
  45 118   1.2982400e-07
  45 119   1.0685400e-08
  45 120   3.4553000e-10
  45 121   9.9857900e-12
  45 122   1.9074100e-13
  45 123   0.0000000e+00
  45 124   0.0000000e+00
  45 125   0.0000000e+00
  45 126   0.0000000e+00
  45 127   0.0000000e+00
  45 128   0.0000000e+00
  46 102   0.0000000e+00
  46 103   0.0000000e+00
  46 104   0.0000000e+00
  46 105   0.0000000e+00
  46 106   0.0000000e+00
  46 107   0.0000000e+00
  46 108   0.0000000e+00
  46 109   4.3141400e-09
  46 110   2.2169800e-07
  46 111   1.9982850e-06
  46 112   1.1903800e-05
  46 113   3.8891250e-05
  46 114   8.1199700e-05
  46 115   1.0653210e-04
  46 116   9.2354500e-05
  46 117   4.9263270e-05
  46 118   2.3927500e-05
  46 119   5.0032000e-06
  46 120   7.9092500e-07
  46 121   6.1516400e-08
  46 122   5.9818700e-09
  46 123   0.0000000e+00
  46 124   0.0000000e+00
  46 125   0.0000000e+00
  46 126   0.0000000e+00
  46 127   0.0000000e+00
  46 128   0.0000000e+00
  46 129   3.8186300e-13
  46 130   0.0000000e+00
  46 131   0.0000000e+00
  47 105   0.0000000e+00
  47 106   0.0000000e+00
  47 107   0.0000000e+00
  47 108   0.0000000e+00
  47 109   1.9173930e-13
  47 110   3.6350600e-11
  47 111   2.1570700e-09
  47 112   3.4553000e-08
  47 113   7.2431500e-07
  47 114   3.9150740e-06
  47 115   2.4766330e-05
  47 116   3.5309170e-05
  47 117   6.9844990e-05
  47 118   6.6769300e-05
  47 119   5.5276900e-05
  47 120   2.2079920e-05
  47 121   8.0191000e-06
  47 122   2.0272410e-06
  47 123   6.9305900e-10
  47 124   7.2102000e-11
  47 125   8.9278700e-12
  47 126   7.4199100e-13
  47 127   7.3699800e-14
  47 128   0.0000000e+00
  47 129   5.9633800e-09
  47 130   4.1943000e-11
  47 131   1.4158600e-12
  47 132   0.0000000e+00
  47 133   0.0000000e+00
  48 108   0.0000000e+00
  48 109   0.0000000e+00
  48 110   0.0000000e+00
  48 111   2.3098690e-13
  48 112   2.4566600e-11
  48 113   1.4909680e-09
  48 114   3.0059100e-08
  48 115   5.7322200e-07
  48 116   3.1756800e-06
  48 117   1.6237980e-05
  48 118   6.2145500e-05
  48 119   1.1386530e-04
  48 120   1.6876100e-04
  48 121   1.3514640e-04
  48 122   1.4867800e-04
  48 123   1.9074810e-05
  48 124   9.7367700e-06
  48 125   3.0111010e-06
  48 126   1.2083600e-06
  48 127   3.6150900e-07
  48 128   5.0032000e-08
  48 129   9.1815500e-06
  48 130   7.9591800e-07
  48 131   4.9131800e-08
  48 132   7.3100700e-10
  48 133   1.4579200e-11
  48 134   1.0086200e-13
  48 135   0.0000000e+00
  48 136   0.0000000e+00
  49 110   0.0000000e+00
  49 111   0.0000000e+00
  49 112   0.0000000e+00
  49 113   6.0917200e-14
  49 114   3.3517070e-12
  49 115   2.4286950e-10
  49 116   4.3341060e-09
  49 117   1.0525700e-07
  49 118   9.8566000e-07
  49 119   7.7994000e-06
  49 120   2.5305590e-05
  49 121   7.9402100e-05
  49 122   1.8271160e-04
  49 123   4.1971920e-04
  49 124   3.5225300e-04
  49 125   4.3441020e-04
  49 126   3.8377800e-04
  49 127   6.4753830e-04
  49 128   2.1829300e-04
  49 129   9.1678600e-04
  49 130   1.6579830e-04
  49 131   5.5669340e-05
  49 132   1.7875800e-06
  49 133   2.2767600e-07
  49 134   3.8248000e-09
  49 135   2.7281200e-11
  49 136   2.8860800e-13
  49 137   0.0000000e+00
  49 138   0.0000000e+00
  50 113   0.0000000e+00
  50 114   0.0000000e+00
  50 115   1.2283300e-14
  50 116   1.1184800e-12
  50 117   7.3699900e-11
  50 118   3.4253400e-09
  50 119   7.0104700e-08
  50 120   1.0585600e-06
  50 121   7.8493300e-06
  50 122   7.5227800e-05
  50 123   1.6190960e-04
  50 124   3.8280900e-04
  50 125   7.2735200e-04
  50 126   1.8534000e-03
  50 127   4.8011300e-03
  50 128   6.6595000e-03
  50 129   1.0263210e-02
  50 130   7.7656100e-03
  50 131   5.0642400e-03
  50 132   8.4614000e-04
  50 133   2.8131800e-04
  50 134   2.5874800e-05
  50 135   9.4668600e-07
  50 136   2.9959200e-08
  50 137   3.0258800e-10
  50 138   5.6323500e-12
  50 139   6.1577700e-14
  50 140   0.0000000e+00
  51 116   0.0000000e+00
  51 117   0.0000000e+00
  51 118   1.2912450e-13
  51 119   1.3481700e-11
  51 120   5.4326100e-10
  51 121   1.9673300e-08
  51 122   5.2829500e-07
  51 123   8.2088400e-08
  51 124   4.1543400e-07
  51 125   3.2156300e-06
  51 126   1.7835770e-05
  51 127   1.7860800e-04
  51 128   1.4664470e-03
  51 129   4.2201800e-03
  51 130   1.0455890e-02
  51 131   1.4341900e-02
  51 132   1.0932240e-02
  51 133   7.9742300e-03
  51 134   2.0078610e-03
  51 135   3.7613900e-04
  51 136   3.2735500e-05
  51 137   1.6178000e-06
  51 138   7.7594500e-08
  51 139   9.6163100e-10
  51 140   1.4925400e-11
  51 141   7.1459500e-13
  51 142   0.0000000e+00
  51 143   0.0000000e+00
  52 119   0.0000000e+00
  52 120   5.1330200e-14
  52 121   5.0930800e-12
  52 122   6.2215400e-10
  52 123   6.9106100e-14
  52 124   1.5678700e-12
  52 125   3.4902500e-11
  52 126   8.0490600e-10
  52 127   2.2070010e-08
  52 128   4.1144100e-07
  52 129   3.1798740e-04
  52 130   2.4745800e-03
  52 131   1.6177810e-02
  52 132   3.5749700e-02
  52 133   4.3492200e-02
  52 134   3.8225500e-02
  52 135   1.6851600e-02
  52 136   7.1694200e-03
  52 137   8.7965500e-04
  52 138   1.9486500e-04
  52 139   5.9219500e-06
  52 140   7.0702400e-07
  52 141   2.4797200e-08
  52 142   2.4067300e-10
  52 143   1.8599200e-12
  52 144   2.8561600e-13
  52 145   0.0000000e+00
  53 122   0.0000000e+00
  53 123   0.0000000e+00
  53 124   0.0000000e+00
  53 125   0.0000000e+00
  53 126   0.0000000e+00
  53 127   0.0000000e+00
  53 128   7.4199100e-07
  53 129   5.5624400e-07
  53 130   2.5904720e-05
  53 131   3.6301700e-04
  53 132   1.9278230e-03
  53 133   7.1130100e-03
  53 134   2.0862470e-02
  53 135   3.3002800e-02
  53 136   2.2069180e-02
  53 137   1.5518800e-02
  53 138   5.9496000e-03
  53 139   2.1686100e-03
  53 140   2.2567300e-04
  53 141   1.7181800e-05
  53 142   8.8579700e-07
  53 143   2.9045600e-08
  53 144   3.2674100e-09
  53 145   1.7093900e-11
  53 146   3.4994600e-13
  53 147   0.0000000e+00
  53 148   0.0000000e+00
  54 125   0.0000000e+00
  54 126   0.0000000e+00
  54 127   0.0000000e+00
  54 128   3.5152200e-10
  54 129   9.6169300e-11
  54 130   2.5765000e-08
  54 131   3.7848500e-07
  54 132   9.7848500e-06
  54 133   5.5913000e-04
  54 134   1.7962200e-03
  54 135   1.2252660e-02
  54 136   3.7311600e-02
  54 137   4.4769500e-02
  54 138   4.2962200e-02
  54 139   2.9010100e-02
  54 140   1.5692500e-02
  54 141   3.3990800e-03
  54 142   8.9860800e-04
  54 143   4.4720200e-05
  54 144   6.8674000e-06
  54 145   5.9317700e-07
  54 146   1.6577100e-08
  54 147   1.7924700e-11
  54 148   1.6377800e-12
  54 149   1.0542700e-13
  54 150   0.0000000e+00
  55 128   0.0000000e+00
  55 129   0.0000000e+00
  55 130   0.0000000e+00
  55 131   1.5179400e-11
  55 132   1.0985000e-09
  55 133   7.4598600e-08
  55 134   2.6763700e-06
  55 135   5.8830100e-05
  55 136   1.2974080e-03
  55 137   7.1000400e-03
  55 138   9.6991600e-03
  55 139   2.6339000e-02
  55 140   2.8882800e-02
  55 141   3.3070100e-02
  55 142   1.2567600e-02
  55 143   4.0429800e-03
  55 144   1.0213700e-03
  55 145   2.4313000e-04
  55 146   1.7016900e-05
  55 147   2.7992300e-07
  55 148   2.0572100e-08
  55 149   1.6464100e-09
  55 150   4.0844500e-12
  55 151   1.1654200e-13
  55 152   0.0000000e+00
  56 131   0.0000000e+00
  56 132   2.0072700e-14
  56 133   2.0615000e-13
  56 134   7.5896900e-10
  56 135   4.8034800e-08
  56 136   4.5438200e-06
  56 137   3.5821300e-05
  56 138   3.1692900e-04
  56 139   5.6340100e-03
  56 140   1.9095100e-02
  56 141   2.6605600e-02
  56 142   4.8433300e-02
  56 143   3.6642400e-02
  56 144   3.1732400e-02
  56 145   1.1656100e-02
  56 146   3.5155000e-03
  56 147   4.3098400e-04
  56 148   4.7145900e-05
  56 149   2.5349100e-06
  56 150   1.0885200e-07
  56 151   4.0441200e-09
  56 152   3.3155000e-11
  56 153   1.7136800e-13
  56 154   0.0000000e+00
  57 133   0.0000000e+00
  57 134   0.0000000e+00
  57 135   7.7095300e-13
  57 136   0.0000000e+00
  57 137   8.0191000e-09
  57 138   1.7875800e-07
  57 139   5.6523200e-06
  57 140   2.6315200e-04
  57 141   1.6284500e-03
  57 142   4.6315500e-03
  57 143   1.8588300e-02
  57 144   1.2832600e-02
  57 145   1.7681000e-02
  57 146   1.0888300e-02
  57 147   5.3335600e-03
  57 148   1.3164700e-03
  57 149   3.0253800e-04
  57 150   3.1836700e-05
  57 151   2.8021400e-06
  57 152   1.0785300e-07
  57 153   2.6761900e-09
  57 154   2.9160400e-11
  57 155   1.4504000e-13
  57 156   2.7616300e-15
  57 157   0.0000000e+00
  58 135   0.0000000e+00
  58 136   0.0000000e+00
  58 137   1.4831800e-14
  58 138   1.6606000e-12
  58 139   1.4630110e-09
  58 140   8.7680900e-08
  58 141   1.8474900e-06
  58 142   3.4283400e-05
  58 143   2.9307200e-04
  58 144   1.6005800e-03
  58 145   4.8068100e-03
  58 146   1.1205700e-02
  58 147   1.0800600e-02
  58 148   1.0059800e-02
  58 149   4.7003600e-03
  58 150   2.0256400e-03
  58 151   3.6292920e-04
  58 152   6.6659400e-05
  58 153   4.0944400e-06
  58 154   2.0372300e-07
  58 155   5.0330200e-09
  58 156   1.3082000e-10
  58 157   1.3381900e-12
  58 158   0.0000000e+00
  58 159   7.7371700e-17
  58 160   0.0000000e+00
  59 138   0.0000000e+00
  59 139   0.0000000e+00
  59 140   1.1384500e-12
  59 141   1.0685400e-10
  59 142   5.2828100e-09
  59 143   2.1271100e-07
  59 144   2.7512680e-06
  59 145   3.7129600e-05
  59 146   1.9888000e-04
  59 147   7.8750000e-04
  59 148   1.5085520e-03
  59 149   2.5344700e-03
  59 150   2.1948000e-03
  59 151   1.6083900e-03
  59 152   5.5613400e-04
  59 153   1.4332500e-04
  59 154   1.6257900e-05
  59 155   1.8275100e-06
  59 156   1.1484400e-07
  59 157   5.2428800e-09
  59 158   6.3913100e-11
  59 159   1.2082800e-12
  59 160   0.0000000e+00
  59 161   6.9066300e-17
  59 162   0.0000000e+00
  60 141   0.0000000e+00
  60 142   1.4580200e-13
  60 143   1.5279200e-11
  60 144   9.1176100e-10
  60 145   3.1257500e-08
  60 146   7.7894100e-07
  60 147   7.5097900e-06
  60 148   6.2974400e-05
  60 149   2.3346300e-04
  60 150   7.9364100e-04
  60 151   1.1144300e-03
  60 152   1.4394100e-03
  60 153   7.4314000e-04
  60 154   3.1828700e-04
  60 155   7.8293600e-05
  60 156   2.0512100e-05
  60 157   2.1171300e-06
  60 158   1.1484400e-07
  60 159   5.1130500e-09
  60 160   1.5678700e-10
  60 161   2.3966700e-12
  60 162   6.3577100e-15
  60 163   0.0000000e+00
  60 164   0.0000000e+00
  61 144   0.0000000e+00
  61 145   5.1829600e-13
  61 146   1.0985000e-10
  61 147   1.4979600e-09
  61 148   1.2902460e-08
  61 149   5.3527300e-07
  61 150   4.3640700e-06
  61 151   2.6414100e-05
  61 152   7.0344400e-05
  61 153   1.4091800e-04
  61 154   1.1797930e-04
  61 155   1.0739400e-04
  61 156   5.5754200e-05
  61 157   2.1570700e-05
  61 158   2.5465400e-06
  61 159   4.6736500e-07
  61 160   3.2655600e-08
  61 161   2.1770500e-09
  61 162   1.6577500e-11
  61 163   5.3028000e-13
  61 164   8.7055700e-15
  61 165   0.0000000e+00
  61 166   4.6167600e-19
  62 146   0.0000000e+00
  62 147   2.9360100e-14
  62 148   3.0558400e-12
  62 149   1.2483000e-10
  62 150   4.8633900e-09
  62 151   6.9905000e-08
  62 152   8.3786100e-07
  62 153   4.2077410e-06
  62 154   1.3511700e-05
  62 155   2.6304200e-05
  62 156   5.0611200e-05
  62 157   3.7019700e-05
  62 158   1.5858400e-05
  62 159   5.7122400e-06
  62 160   1.5279200e-06
  62 161   2.1970100e-07
  62 162   6.9705200e-09
  62 163   5.1330200e-10
  62 164   2.2569300e-11
  62 165   6.0417900e-13
  62 166   2.1869800e-14
  62 167   9.3197700e-17
  62 168   0.0000000e+00
  63 149   0.0000000e+00
  63 150   0.0000000e+00
  63 151   3.8148100e-12
  63 152   1.1404502e-10
  63 153   2.7562500e-09
  63 154   2.0771680e-08
  63 155   1.8075400e-07
  63 156   7.8093800e-07
  63 157   2.2169800e-06
  63 158   1.9373700e-06
  63 159   2.4866200e-06
  63 160   1.2582900e-06
  63 161   6.4512400e-07
  63 162   4.0844500e-08
  63 163   1.1684100e-08
  63 164   1.1284600e-09
  63 165   1.2383200e-10
  63 166   1.0385800e-11
  63 167   1.7076800e-13
  63 168   3.5015100e-15
  63 169   5.8427100e-17
  63 170   4.8215500e-19
  64 151   0.0000000e+00
  64 152   0.0000000e+00
  64 153   1.7376400e-13
  64 154   6.0717500e-12
  64 155   1.3641090e-10
  64 156   2.5565300e-09
  64 157   1.6577500e-08
  64 158   6.4312600e-08
  64 159   1.7676000e-07
  64 160   3.4053700e-07
  64 161   3.4153500e-07
  64 162   7.6496100e-08
  64 163   4.1543600e-08
  64 164   1.4480300e-08
  64 165   3.1257500e-09
  64 166   1.0385800e-09
  64 167   3.7948400e-11
  64 168   2.0871700e-12
  64 169   8.9278700e-14
  64 170   4.2690200e-15
  64 171   6.1793400e-17
  64 172   9.0710100e-19
  65 154   0.0000000e+00
  65 155   0.0000000e+00
  65 156   3.7507000e-14
  65 157   2.7262900e-12
  65 158   3.5345540e-11
  65 159   2.9460000e-10
  65 160   1.3581600e-09
  65 161   5.5824100e-09
  65 162   2.6364200e-09
  65 163   5.3527300e-09
  65 164   3.5951100e-09
  65 165   2.6663700e-09
  65 166   1.6877100e-09
  65 167   2.2569300e-10
  65 168   2.5665200e-11
  65 169   4.4140000e-12
  65 170   3.8447700e-13
  65 171   2.4666500e-14
  65 172   1.2172900e-15
  66 157   0.0000000e+00
  66 158   0.0000000e+00
  66 159   5.2328900e-14
  66 160   1.0785300e-12
  66 161   9.9265100e-12
  66 162   2.1271100e-11
  66 163   9.7367700e-11
  66 164   2.6364100e-10
  66 165   3.9496310e-10
  66 166   9.2474400e-10
  66 167   2.3568000e-10
  66 168   9.4271900e-11
  66 169   3.1157600e-11
  66 170   1.0086200e-11
  66 171   1.3581600e-12
  66 172   1.9173900e-13
  67 160   0.0000000e+00
  67 161   0.0000000e+00
  67 162   3.7798600e-15
  67 163   3.7667200e-14
  67 164   2.4976050e-13
  67 165   1.5479000e-12
  67 166   8.0790300e-12
  67 167   8.1988500e-12
  67 168   7.5434100e-12
  67 169   8.0091200e-12
  67 170   4.9333000e-12
  67 171   2.3468100e-12
  67 172   6.2515000e-13
  68 163   0.0000000e+00
  68 164   0.0000000e+00
  68 165   8.6789200e-16
  68 166   1.4779900e-14
  68 167   3.2317230e-14
  68 168   1.1983700e-13
  68 169   3.1657000e-13
  68 170   7.6196500e-13
  68 171   7.2501500e-13
  68 172   6.7608100e-13
  69 166   0.0000000e+00
  69 167   0.0000000e+00
  69 168   4.2233200e-17
  69 169   4.5243600e-16
  69 170   2.5380600e-15
  69 171   8.9628500e-15
  69 172   1.2682800e-14
  70 168   0.0000000e+00
  70 169   0.0000000e+00
  70 170   8.1098400e-19
  70 171   7.9799400e-18
  70 172   6.3875000e-17
  71 172   0.0000000e+00
