# 3D Plot Data for U-233 Neutron-induced Fission Yields at 0.0253 (eV)
# JENDL FP Fission Yields Data File 2011 (FPY-2011)
# *) Raw Data
# [Cumulative]
#  Z   N   Fission Yield
  23  43   5.1648700e-19
  24  42   2.4466800e-14
  24  43   4.1014300e-15
  24  44   0.0000000e+00
  24  45   1.0167000e-17
  24  46   0.0000000e+00
  25  41   9.6813500e-12
  25  42   5.5765300e-12
  25  43   9.3772500e-13
  25  44   1.5878400e-13
  25  45   1.5678700e-14
  25  46   0.0000000e+00
  25  47   8.2005500e-17
  25  48   0.0000000e+00
  26  40   8.2457400e-10
  26  41   1.0441600e-09
  26  42   7.4093200e-10
  26  43   2.8277500e-10
  26  44   1.2384800e-10
  26  45   3.2555800e-11
  26  46   3.8847200e-12
  26  47   2.2169800e-13
  26  48   0.0000000e+00
  26  49   6.9698400e-16
  26  50   0.0000000e+00
  27  39   1.9630300e-09
  27  40   6.3070100e-09
  27  41   1.2938900e-08
  27  42   1.1667300e-08
  27  43   1.1038800e-08
  27  44   1.2615500e-08
  27  45   3.5191100e-09
  27  46   8.9400800e-10
  27  47   8.4285500e-11
  27  48   1.0885200e-11
  27  49   4.0145500e-13
  27  50   1.4762900e-14
  27  51   6.1978400e-16
  28  38   2.5646800e-09
  28  39   1.0971200e-08
  28  40   3.7308600e-08
  28  41   7.3363000e-08
  28  42   2.5556500e-07
  28  43   5.7990900e-07
  28  44   6.4968000e-07
  28  45   3.7114100e-07
  28  46   1.5088300e-07
  28  47   4.6044300e-08
  28  48   7.3702700e-09
  28  49   5.1229600e-10
  28  50   2.9360100e-11
  28  51   4.5719600e-13
  28  52   0.0000000e+00
  28  53   0.0000000e+00
  28  54   0.0000000e+00
  29  37   2.5685900e-09
  29  38   1.1111000e-08
  29  39   3.9642570e-08
  29  40   8.7843300e-08
  29  41   4.0257250e-07
  29  42   1.4007900e-06
  29  43   2.4575800e-06
  29  44   4.2664400e-06
  29  45   3.5061100e-06
  29  46   4.2498900e-06
  29  47   1.3742170e-06
  29  48   4.6563200e-07
  29  49   6.5437300e-08
  29  50   7.1402300e-09
  29  51   2.6264300e-10
  29  52   1.1684100e-11
  29  53   2.8860800e-13
  29  54   7.3958500e-15
  29  55   0.0000000e+00
  30  36   2.5686000e-09
  30  37   1.1111500e-08
  30  38   3.8799800e-08
  30  39   8.8694165e-08
  30  40   3.7889800e-07
  30  41   1.6130060e-06
  30  42   4.1365400e-06
  30  43   1.2129900e-05
  30  44   2.4558100e-05
  30  45   5.5563100e-05
  30  46   6.9315700e-05
  30  47   5.1101170e-05
  30  48   2.8318400e-05
  30  49   7.5729900e-06
  30  50   1.2984500e-06
  30  51   1.4780200e-07
  30  52   1.7576300e-08
  30  53   2.5665100e-10
  30  54   1.5279200e-11
  30  55   2.2508200e-13
  30  56   0.0000000e+00
  31  36   0.0000000e+00
  31  37   6.1251500e-15
  31  38   8.8313300e-08
  31  39   2.1970100e-11
  31  40   1.6143500e-06
  31  41   4.3171740e-06
  31  42   1.2551300e-05
  31  43   4.3700800e-05
  31  44   7.7972600e-05
  31  45   1.2377200e-04
  31  46   1.8093000e-04
  31  47   1.9873500e-04
  31  48   1.9565200e-04
  31  49   7.6434400e-05
  31  50   3.8477600e-05
  31  51   1.1329300e-05
  31  52   7.8014100e-07
  31  53   1.1885000e-07
  31  54   3.5152300e-09
  31  55   1.2183400e-10
  31  56   1.0331100e-12
  31  57   2.2346000e-14
  31  58   0.0000000e+00
  32  37   0.0000000e+00
  32  38   2.1898400e-11
  32  39   2.2148800e-12
  32  40   4.1632900e-06
  32  41   2.4918400e-05
  32  42   2.7199400e-05
  32  43   8.6484180e-05
  32  44   1.3814200e-04
  32  45   2.9012130e-04
  32  46   5.2596500e-04
  32  47   1.3750060e-03
  32  48   1.8866400e-03
  32  49   1.2996590e-03
  32  50   8.2781400e-04
  32  51   2.4754800e-04
  32  52   1.7240400e-04
  32  53   1.3153600e-05
  32  54   2.1771200e-06
  32  55   3.5850600e-08
  32  56   1.0585600e-09
  32  57   1.0039100e-11
  32  58   2.3899600e-12
  32  59   0.0000000e+00
  33  39   0.0000000e+00
  33  40   5.6922700e-13
  33  41   3.4053700e-11
  33  42   7.9570300e-05
  33  43   5.5524500e-08
  33  44   2.5508900e-04
  33  45   5.3753000e-04
  33  46   1.4302100e-03
  33  47   2.3040000e-03
  33  48   3.3463000e-03
  33  49   3.9986400e-03
  33  50   4.8273600e-03
  33  51   1.7112200e-03
  33  52   1.0613900e-03
  33  53   4.2899000e-04
  33  54   3.2607800e-05
  33  55   2.4475600e-06
  33  56   1.5678500e-07
  33  57   2.7343200e-08
  33  58   0.0000000e+00
  33  59   1.8214100e-12
  33  60   3.4456500e-12
  33  61   0.0000000e+00
  33  62   0.0000000e+00
  34  40   1.1578300e-11
  34  41   4.9532700e-13
  34  42   5.5567300e-08
  34  43   2.5585810e-04
  34  44   5.3762600e-04
  34  45   2.8358600e-03
  34  46   2.3374000e-03
  34  47   3.9439890e-03
  34  48   5.8475400e-03
  34  49   9.7759400e-03
  34  50   1.4706600e-02
  34  51   1.2319200e-02
  34  52   8.2901800e-03
  34  53   3.3081900e-03
  34  54   1.0921700e-03
  34  55   1.7131600e-04
  34  56   5.7483400e-05
  34  57   3.9605700e-06
  34  58   8.6282000e-08
  34  59   1.1957100e-07
  34  60   2.1570700e-11
  34  61   1.3240600e-13
  34  62   0.0000000e+00
  35  42   1.4038280e-13
  35  43   9.0177400e-12
  35  44   1.4332210e-03
  35  45   1.7119040e-07
  35  46   3.5934900e-03
  35  47   1.0668880e-05
  35  48   1.0141600e-02
  35  49   1.6925270e-02
  35  50   2.1174000e-02
  35  51   2.2075400e-02
  35  52   2.0544600e-02
  35  53   1.2805800e-02
  35  54   6.1445600e-03
  35  55   2.2608900e-03
  35  56   4.7791400e-04
  35  57   5.7531100e-05
  35  58   8.2954100e-05
  35  59   1.7378300e-07
  35  60   2.0678600e-09
  35  61   8.9578200e-11
  35  62   2.5813600e-12
  35  63   1.8340500e-12
  35  64   0.0000000e+00
  35  65   0.0000000e+00
  36  43   1.0720690e-13
  36  44   8.9661200e-08
  36  45   9.1648200e-10
  36  46   8.2827400e-06
  36  47   2.0282100e-02
  36  48   1.6960500e-02
  36  49   2.6917450e-02
  36  50   2.8295100e-02
  36  51   3.9413300e-02
  36  52   5.1111000e-02
  36  53   5.2264900e-02
  36  54   4.1213100e-02
  36  55   1.9491900e-02
  36  56   7.5923000e-03
  36  57   1.5124100e-03
  36  58   2.6000300e-04
  36  59   3.1849900e-06
  36  60   1.5978900e-06
  36  61   8.9577400e-08
  36  62   8.6882000e-08
  36  63   1.0460500e-11
  36  64   2.8061900e-13
  36  65   0.0000000e+00
  36  66   0.0000000e+00
  37  44   0.0000000e+00
  37  45   0.0000000e+00
  37  46   1.9972900e-10
  37  47   2.5300200e-08
  37  48   2.2346500e-02
  37  49   1.4766940e-05
  37  50   4.0162200e-02
  37  51   5.4516000e-02
  37  52   6.2249100e-02
  37  53   6.5072600e-02
  37  54   5.3628200e-02
  37  55   3.6839400e-02
  37  56   1.9905500e-02
  37  57   6.1473600e-03
  37  58   2.1419700e-03
  37  59   3.1458900e-04
  37  60   8.1459100e-05
  37  61   1.2473270e-05
  37  62   1.6336700e-07
  37  63   7.2603700e-09
  37  64   6.4461800e-11
  37  65   2.0132400e-12
  37  66   2.1151700e-13
  37  67   0.0000000e+00
  37  68   0.0000000e+00
  38  45   0.0000000e+00
  38  46   4.9562200e-10
  38  47   1.1287160e-10
  38  48   8.9951800e-06
  38  49   4.0162567e-02
  38  50   5.4526800e-02
  38  51   6.3339200e-02
  38  52   6.7796500e-02
  38  53   6.4731500e-02
  38  54   6.3882000e-02
  38  55   6.4674300e-02
  38  56   5.4030100e-02
  38  57   3.4625700e-02
  38  58   1.8256300e-02
  38  59   6.4751200e-03
  38  60   2.2095400e-03
  38  61   2.5165200e-04
  38  62   3.3850800e-05
  38  63   2.2369400e-06
  38  64   9.5370100e-08
  38  65   7.3399700e-09
  38  66   0.0000000e+00
  38  67   0.0000000e+00
  38  68   0.0000000e+00
  38  69   0.0000000e+00
  39  47   0.0000000e+00
  39  48   4.7296800e-13
  39  49   1.8278570e-09
  39  50   6.3345583e-02
  39  51   6.7798727e-02
  39  52   1.0303910e-01
  39  53   6.5481400e-02
  39  54   9.2442700e-02
  39  55   6.7113100e-02
  39  56   5.9970300e-02
  39  57   4.5914300e-02
  39  58   3.6448560e-02
  39  59   1.5156270e-02
  39  60   7.3375600e-03
  39  61   3.2617787e-03
  39  62   5.3452600e-04
  39  63   4.7435100e-05
  39  64   5.0923400e-06
  39  65   1.4580200e-10
  39  66   1.6460800e-12
  39  67   4.6605400e-16
  39  68   2.2987200e-16
  39  69   0.0000000e+00
  39  70   2.4635400e-14
  40  48   1.7875800e-14
  40  49   1.7712300e-12
  40  50   6.7797900e-02
  40  51   6.4759900e-02
  40  52   6.5482000e-02
  40  53   6.9673000e-02
  40  54   6.8203200e-02
  40  55   6.3404400e-02
  40  56   5.6666800e-02
  40  57   5.5598100e-02
  40  58   4.9256000e-02
  40  59   4.0259900e-02
  40  60   3.4493600e-02
  40  61   1.3872500e-02
  40  62   6.1503100e-03
  40  63   1.3548700e-03
  40  64   1.7706000e-04
  40  65   1.8345000e-05
  40  66   7.0903600e-09
  40  67   2.5618500e-09
  40  68   5.3627200e-12
  40  69   8.5490200e-10
  40  70   3.1557100e-12
  40  71   1.3655700e-14
  40  72   0.0000000e+00
  41  49   0.0000000e+00
  41  50   1.0930300e-13
  41  51   6.2282200e-12
  41  52   1.3760420e-01
  41  53   7.2846300e-08
  41  54   6.4052779e-02
  41  55   5.5774200e-05
  41  56   1.0956990e-01
  41  57   5.1275728e-02
  41  58   4.8757400e-02
  41  59   4.3701390e-02
  41  60   2.9072100e-02
  41  61   1.6037770e-02
  41  62   7.7526500e-03
  41  63   1.7574230e-03
  41  64   6.6274600e-04
  41  65   3.8295000e-05
  41  66   8.7780200e-06
  41  67   8.1293500e-07
  41  68   5.9316000e-07
  41  69   1.2386100e-08
  41  70   2.1326900e-10
  41  71   1.9963800e-13
  41  72   8.5021400e-15
  41  73   0.0000000e+00
  41  74   0.0000000e+00
  42  50   0.0000000e+00
  42  51   2.7533510e-14
  42  52   5.1633000e-08
  42  53   6.3406100e-02
  42  54   5.5790200e-05
  42  55   5.6546200e-02
  42  56   5.1285100e-02
  42  57   4.9114900e-02
  42  58   4.6392600e-02
  42  59   3.1652000e-02
  42  60   2.3919400e-02
  42  61   1.5251000e-02
  42  62   9.2101200e-03
  42  63   4.2438400e-03
  42  64   2.0876800e-03
  42  65   8.6244100e-04
  42  66   4.5373100e-04
  42  67   6.5595700e-05
  42  68   9.1850100e-06
  42  69   3.2850600e-07
  42  70   9.4571100e-09
  42  71   2.9503700e-10
  42  72   4.6337000e-12
  42  73   3.3579000e-14
  42  74   0.0000000e+00
  42  75   0.0000000e+00
  43  52   0.0000000e+00
  43  53   0.0000000e+00
  43  54   2.1339680e-11
  43  55   8.8080300e-10
  43  56   9.2579900e-02
  43  57   7.4598600e-07
  43  58   3.1660600e-02
  43  59   2.3989541e-02
  43  60   1.5708800e-02
  43  61   9.7850300e-03
  43  62   4.8391000e-03
  43  63   2.4024300e-03
  43  64   1.1424800e-03
  43  65   7.5129900e-04
  43  66   2.7262000e-04
  43  67   9.9486500e-05
  43  68   1.9082100e-05
  43  69   1.7070400e-06
  43  70   2.0471600e-07
  43  71   1.1688600e-08
  43  72   5.2442000e-10
  43  73   1.1983700e-11
  43  74   1.1165700e-13
  43  75   3.0356800e-15
  43  76   0.0000000e+00
  43  77   0.0000000e+00
  44  54   8.8081800e-10
  44  55   4.9115000e-02
  44  56   7.4611600e-07
  44  57   3.1660600e-02
  44  58   2.3988600e-02
  44  59   1.5712024e-02
  44  60   9.7850300e-03
  44  61   4.9564200e-03
  44  62   2.4580200e-03
  44  63   1.1432900e-03
  44  64   7.5667000e-04
  44  65   3.9076100e-04
  44  66   3.7106000e-04
  44  67   1.6961100e-04
  44  68   7.0761900e-05
  44  69   2.2033190e-05
  44  70   5.7138600e-06
  44  71   8.0783600e-07
  44  72   7.3910100e-08
  44  73   3.8747100e-09
  44  74   1.4380400e-10
  44  75   2.3368200e-12
  44  76   2.7562500e-14
  44  77   6.3943500e-16
  44  78   0.0000000e+00
  44  79   0.0000000e+00
  44  80   0.0000000e+00
  45  55   0.0000000e+00
  45  56   2.7208540e-14
  45  57   3.3609300e-12
  45  58   3.1237200e-02
  45  59   0.0000000e+00
  45  60   6.3590900e-03
  45  61   2.4582650e-03
  45  62   1.1432900e-03
  45  63   7.5667002e-04
  45  64   3.9285800e-04
  45  65   3.8661830e-04
  45  66   2.1357100e-04
  45  67   1.3147870e-04
  45  68   9.1919300e-05
  45  69   5.1738850e-05
  45  70   2.3936400e-05
  45  71   6.3088810e-06
  45  72   1.3220800e-06
  45  73   1.2996600e-07
  45  74   1.0687700e-08
  45  75   3.4555700e-10
  45  76   9.9864300e-12
  45  77   1.9074100e-13
  45  78   0.0000000e+00
  45  79   0.0000000e+00
  45  80   0.0000000e+00
  45  81   0.0000000e+00
  45  82   0.0000000e+00
  45  83   0.0000000e+00
  46  56   2.2192700e-13
  46  57   0.0000000e+00
  46  58   0.0000000e+00
  46  59   4.9564200e-03
  46  60   2.4582700e-03
  46  61   1.1432900e-03
  46  62   7.5667000e-04
  46  63   3.9286482e-04
  46  64   3.8684000e-04
  46  65   2.1652188e-04
  46  66   1.4338300e-04
  46  67   1.8265600e-04
  46  68   1.3295800e-04
  46  69   1.3831120e-04
  46  70   9.8684200e-05
  46  71   9.3385100e-05
  46  72   2.4054100e-05
  46  73   5.0132200e-06
  46  74   7.9125300e-07
  46  75   6.1525300e-08
  46  76   5.9820400e-09
  46  77   0.0000000e+00
  46  78   0.0000000e+00
  46  79   0.0000000e+00
  46  80   0.0000000e+00
  46  81   0.0000000e+00
  46  82   0.0000000e+00
  46  83   3.8186300e-13
  46  84   0.0000000e+00
  46  85   0.0000000e+00
  47  58   0.0000000e+00
  47  59   0.0000000e+00
  47  60   1.1432900e-03
  47  61   0.0000000e+00
  47  62   7.8552800e-04
  47  63   3.6697200e-11
  47  64   4.2774700e-04
  47  65   1.4341700e-04
  47  66   2.1289300e-04
  47  67   1.4058994e-04
  47  68   1.7912420e-04
  47  69   1.3641190e-04
  47  70   1.2404660e-04
  47  71   1.1436290e-04
  47  72   6.0290100e-05
  47  73   2.7667200e-05
  47  74   8.0802900e-06
  47  75   2.0330710e-06
  47  76   6.9305900e-10
  47  77   7.2102000e-11
  47  78   8.9278700e-12
  47  79   7.4199100e-13
  47  80   7.3699800e-14
  47  81   0.0000000e+00
  47  82   5.9637600e-09
  47  83   4.1943000e-11
  47  84   1.4158600e-12
  47  85   0.0000000e+00
  47  86   0.0000000e+00
  48  60   0.0000000e+00
  48  61   0.0000000e+00
  48  62   3.6317000e-11
  48  63   2.1557100e-04
  48  64   1.4341700e-04
  48  65   1.3153848e-04
  48  66   1.3690400e-04
  48  67   1.5578850e-04
  48  68   1.3716900e-04
  48  69   1.3665120e-04
  48  70   1.5296900e-04
  48  71   1.7415590e-04
  48  72   1.9163800e-04
  48  73   1.4322360e-04
  48  74   1.5070800e-04
  48  75   1.9075480e-05
  48  76   9.7368400e-06
  48  77   3.0111100e-06
  48  78   1.2083600e-06
  48  79   3.6150900e-07
  48  80   5.0747600e-08
  48  81   9.1868100e-06
  48  82   7.9595300e-07
  48  83   4.9132200e-08
  48  84   7.3100700e-10
  48  85   1.4579200e-11
  48  86   1.0086200e-13
  48  87   0.0000000e+00
  48  88   0.0000000e+00
  49  61   0.0000000e+00
  49  62   0.0000000e+00
  49  63   0.0000000e+00
  49  64   1.3153600e-04
  49  65   7.0266910e-12
  49  66   2.3758410e-04
  49  67   5.4653100e-09
  49  68   1.7915960e-04
  49  69   1.5420795e-04
  49  70   1.8524670e-04
  49  71   2.1694436e-04
  49  72   2.2317750e-04
  49  73   3.3341970e-04
  49  74   4.3879510e-04
  49  75   3.6198900e-04
  49  76   4.3742180e-04
  49  77   3.8498700e-04
  49  78   6.4789960e-04
  49  79   2.1841400e-04
  49  80   9.2593000e-04
  49  81   1.6656810e-04
  49  82   5.5717180e-05
  49  83   1.7878700e-06
  49  84   2.2768700e-07
  49  85   3.8248600e-09
  49  86   2.7281200e-11
  49  87   2.8860800e-13
  49  88   0.0000000e+00
  49  89   0.0000000e+00
  50  63   0.0000000e+00
  50  64   3.2455000e-12
  50  65   1.5578900e-04
  50  66   4.3347800e-09
  50  67   1.3708684e-04
  50  68   1.5395800e-04
  50  69   1.9025183e-04
  50  70   2.1800300e-04
  50  71   2.4779820e-04
  50  72   4.0866000e-04
  50  73   6.0070500e-04
  50  74   7.4479800e-04
  50  75   1.1647740e-03
  50  76   2.2390400e-03
  50  77   5.4484200e-03
  50  78   1.1606040e-02
  50  79   1.1186430e-02
  50  80   7.9305200e-03
  50  81   5.1197300e-03
  50  82   8.4800900e-04
  50  83   2.8135400e-04
  50  84   2.5876100e-05
  50  85   9.4669400e-07
  50  86   2.9959400e-08
  50  87   3.0258800e-10
  50  88   5.6323500e-12
  50  89   6.1577700e-14
  50  90   0.0000000e+00
  51  65   0.0000000e+00
  51  66   0.0000000e+00
  51  67   1.2912450e-13
  51  68   1.3481700e-11
  51  69   5.4326100e-10
  51  70   2.3049500e-04
  51  71   1.1213640e-06
  51  72   6.0078700e-04
  51  73   7.4425100e-07
  51  74   1.1679900e-03
  51  75   4.0999320e-03
  51  76   5.6270300e-03
  51  77   8.6300470e-03
  51  78   1.5806220e-02
  51  79   1.8386420e-02
  51  80   1.9461600e-02
  51  81   1.1780480e-02
  51  82   8.2597600e-03
  51  83   2.0295370e-03
  51  84   3.7689600e-04
  51  85   3.2756700e-05
  51  86   1.6179300e-06
  51  87   7.7598300e-08
  51  88   9.6168100e-10
  51  89   1.4925400e-11
  51  90   7.1459500e-13
  51  91   0.0000000e+00
  51  92   0.0000000e+00
  52  67   0.0000000e+00
  52  68   5.1330200e-14
  52  69   8.5496400e-12
  52  70   5.1618500e-07
  52  71   1.2204140e-13
  52  72   4.1543600e-07
  52  73   1.4226120e-03
  52  74   2.2568800e-03
  52  75   6.5332450e-03
  52  76   8.3494800e-03
  52  77   1.9118570e-02
  52  78   2.0861000e-02
  52  79   3.8929400e-02
  52  80   4.7530200e-02
  52  81   5.7541100e-02
  52  82   4.0336600e-02
  52  83   1.7150900e-02
  52  84   7.1976300e-03
  52  85   8.8050200e-04
  52  86   1.9492100e-04
  52  87   5.9225800e-06
  52  88   7.0703400e-07
  52  89   2.4797500e-08
  52  90   2.4067300e-10
  52  91   1.8599200e-12
  52  92   2.8561600e-13
  52  93   0.0000000e+00
  53  69   0.0000000e+00
  53  70   0.0000000e+00
  53  71   0.0000000e+00
  53  72   0.0000000e+00
  53  73   0.0000000e+00
  53  74   5.6270500e-03
  53  75   7.4199100e-07
  53  76   1.5725200e-02
  53  77   3.2411020e-05
  53  78   3.6002500e-02
  53  79   5.0170963e-02
  53  80   6.4477890e-02
  53  81   6.9841270e-02
  53  82   5.0248000e-02
  53  83   2.9198800e-02
  53  84   1.6385300e-02
  53  85   6.1324400e-03
  53  86   2.1743600e-03
  53  87   2.2635400e-04
  53  88   1.7205400e-05
  53  89   8.8602000e-07
  53  90   2.9047300e-08
  53  91   3.2676500e-09
  53  92   1.7093900e-11
  53  93   3.4994600e-13
  53  94   0.0000000e+00
  53  95   0.0000000e+00
  54  71   0.0000000e+00
  54  72   0.0000000e+00
  54  73   0.0000000e+00
  54  74   6.9114500e-07
  54  75   1.5725200e-02
  54  76   2.5930500e-05
  54  77   3.6399095e-02
  54  78   4.9475228e-02
  54  79   6.1527830e-02
  54  80   6.4457900e-02
  54  81   7.9453400e-02
  54  82   6.7680400e-02
  54  83   6.0325800e-02
  54  84   4.8977600e-02
  54  85   3.0981600e-02
  54  86   1.5901400e-02
  54  87   3.4128600e-03
  54  88   8.9927900e-04
  54  89   4.4743700e-05
  54  90   6.8701200e-06
  54  91   5.9318700e-07
  54  92   1.6577400e-08
  54  93   1.7924700e-11
  54  94   1.6377800e-12
  54  95   1.0542700e-13
  54  96   0.0000000e+00
  55  73   0.0000000e+00
  55  74   0.0000000e+00
  55  75   0.0000000e+00
  55  76   1.5179400e-11
  55  77   1.0985000e-09
  55  78   5.9425500e-02
  55  79   3.8111500e-06
  55  80   6.2581797e-02
  55  81   1.5374310e-03
  55  82   6.7425800e-02
  55  83   6.3288410e-02
  55  84   5.7320500e-02
  55  85   4.4785700e-02
  55  86   3.6485100e-02
  55  87   1.3463400e-02
  55  88   4.0876200e-03
  55  89   1.0282200e-03
  55  90   2.4369400e-04
  55  91   1.7033100e-05
  55  92   2.7993900e-07
  55  93   2.0573600e-08
  55  94   1.6465100e-09
  55  95   4.0844500e-12
  55  96   1.1654200e-13
  55  97   0.0000000e+00
  56  75   0.0000000e+00
  56  76   2.0562100e-11
  56  77   2.0615000e-13
  56  78   2.6771300e-06
  56  79   6.2559534e-02
  56  80   1.8095020e-03
  56  81   1.3133930e-01
  56  82   5.8993800e-02
  56  83   6.2954500e-02
  56  84   6.3893200e-02
  56  85   6.3090400e-02
  56  86   6.1951600e-02
  56  87   4.0694200e-02
  56  88   3.2765300e-02
  56  89   1.1866300e-02
  56  90   3.5302000e-03
  56  91   4.3118900e-04
  56  92   4.7161600e-05
  56  93   2.5362400e-06
  56  94   1.0885500e-07
  56  95   4.0442000e-09
  56  96   3.3155000e-11
  56  97   1.7136800e-13
  56  98   0.0000000e+00
  57  76   0.0000000e+00
  57  77   0.0000000e+00
  57  78   7.7095300e-13
  57  79   0.0000000e+00
  57  80   8.0191200e-09
  57  81   1.7875800e-07
  57  82   6.2960200e-02
  57  83   6.4156400e-02
  57  84   6.4718900e-02
  57  85   6.6583200e-02
  57  86   5.9282500e-02
  57  87   4.5597800e-02
  57  88   2.9547400e-02
  57  89   1.4418760e-02
  57  90   5.7646800e-03
  57  91   1.3634600e-03
  57  92   3.0506500e-04
  57  93   3.1944600e-05
  57  94   2.8061100e-06
  57  95   1.0788500e-07
  57  96   2.6763500e-09
  57  97   2.9160400e-11
  57  98   1.4504000e-13
  57  99   2.7616300e-15
  57 100   0.0000000e+00
  58  77   0.0000000e+00
  58  78   0.0000000e+00
  58  79   1.4831800e-14
  58  80   6.1494300e-08
  58  81   2.4973600e-09
  58  82   6.4156500e-02
  58  83   6.4720700e-02
  58  84   6.6617500e-02
  58  85   5.9575500e-02
  58  86   4.7198400e-02
  58  87   3.4354200e-02
  58  88   2.5626800e-02
  58  89   1.6565000e-02
  58  90   1.1425600e-02
  58  91   5.0019300e-03
  58  92   2.0567700e-03
  58  93   3.6568530e-04
  58  94   6.6764100e-05
  58  95   4.0969200e-06
  58  96   2.0375000e-07
  58  97   5.0331400e-09
  58  98   1.3082200e-10
  58  99   1.3381900e-12
  58 100   0.0000000e+00
  58 101   7.7371700e-17
  58 102   0.0000000e+00
  59  79   0.0000000e+00
  59  80   0.0000000e+00
  59  81   1.1384500e-12
  59  82   6.4720700e-02
  59  83   8.9860600e-09
  59  84   5.9575800e-02
  59  85   4.7331009e-02
  59  86   3.4391300e-02
  59  87   2.5825600e-02
  59  88   1.7352500e-02
  59  89   1.2934110e-02
  59  90   7.5363900e-03
  59  91   4.2515800e-03
  59  92   1.9740800e-03
  59  93   6.2289800e-04
  59  94   1.4742200e-04
  59  95   1.6461600e-05
  59  96   1.8325300e-06
  59  97   1.1497400e-07
  59  98   5.2442100e-09
  59  99   6.3913100e-11
  59 100   1.2083600e-12
  59 101   0.0000000e+00
  59 102   6.9066300e-17
  59 103   0.0000000e+00
  60  81   0.0000000e+00
  60  82   5.2821100e-09
  60  83   5.9575800e-02
  60  84   4.7201200e-02
  60  85   3.4391300e-02
  60  86   2.5826400e-02
  60  87   1.7360000e-02
  60  88   1.2997100e-02
  60  89   7.7698600e-03
  60  90   5.0452200e-03
  60  91   3.0885100e-03
  60  92   2.0623100e-03
  60  93   8.9056900e-04
  60  94   3.3474800e-04
  60  95   8.0122000e-05
  60  96   2.0624700e-05
  60  97   2.1221700e-06
  60  98   1.1490800e-07
  60  99   5.1142600e-09
  60 100   1.5678700e-10
  60 101   2.3967400e-12
  60 102   6.3577100e-15
  60 103   0.0000000e+00
  60 104   0.0000000e+00
  61  83   0.0000000e+00
  61  84   5.1829600e-13
  61  85   1.0985000e-10
  61  86   1.7360000e-02
  61  87   1.3282330e-08
  61  88   7.7703900e-03
  61  89   4.3640700e-06
  61  90   3.1149300e-03
  61  91   2.1326524e-03
  61  92   1.0314900e-03
  61  93   4.5272700e-04
  61  94   1.8751600e-04
  61  95   7.6378900e-05
  61  96   2.3692900e-05
  61  97   2.6614500e-06
  61  98   4.7247800e-07
  61  99   3.2812400e-08
  61 100   2.1794400e-09
  61 101   1.6583800e-11
  61 102   5.3028000e-13
  61 103   8.7055700e-15
  61 104   0.0000000e+00
  61 105   4.6167600e-19
  62  84   3.7349200e-11
  62  85   1.7360000e-02
  62  86   1.2905500e-08
  62  87   7.7703900e-03
  62  88   4.3689300e-06
  62  89   3.1150000e-03
  62  90   2.1334900e-03
  62  91   1.0395682e-03
  62  92   4.6623900e-04
  62  93   2.1382000e-04
  62  94   1.2699000e-04
  62  95   6.0712600e-05
  62  96   1.8519900e-05
  62  97   6.1847300e-06
  62  98   1.5607300e-06
  62  99   2.2186300e-07
  62 100   6.9871100e-09
  62 101   5.1383300e-10
  62 102   2.2578000e-11
  62 103   6.0417900e-13
  62 104   2.1870300e-14
  62 105   9.3197700e-17
  62 106   0.0000000e+00
  63  86   0.0000000e+00
  63  87   0.0000000e+00
  63  88   3.1150000e-03
  63  89   1.6502262e-10
  63  90   1.0357000e-03
  63  91   3.0617480e-08
  63  92   2.1400100e-04
  63  93   1.2777100e-04
  63  94   6.2929600e-05
  63  95   2.0457300e-05
  63  96   8.6713600e-06
  63  97   2.8190200e-06
  63  98   8.6698700e-07
  63  99   4.7831600e-08
  63 100   1.2197900e-08
  63 101   1.1510400e-09
  63 102   1.2443600e-10
  63 103   1.0407700e-11
  63 104   1.7086100e-13
  63 105   3.5015100e-15
  63 106   5.8427100e-17
  63 107   4.8215500e-19
  64  87   0.0000000e+00
  64  88   3.4698900e-11
  64  89   1.7376400e-13
  64  90   2.0774000e-08
  64  91   2.1400112e-04
  64  92   1.2777400e-04
  64  93   6.2946200e-05
  64  94   2.0521600e-05
  64  95   8.8481200e-06
  64  96   3.1595600e-06
  64  97   1.2085200e-06
  64  98   1.2432800e-07
  64  99   5.3741500e-08
  64 100   1.5631500e-08
  64 101   3.2500400e-09
  64 102   1.0489900e-09
  64 103   3.8119200e-11
  64 104   2.0906700e-12
  64 105   8.9337100e-14
  64 106   4.2695000e-15
  64 107   6.1793400e-17
  64 108   9.0710100e-19
  65  89   0.0000000e+00
  65  90   0.0000000e+00
  65  91   3.7507000e-14
  65  92   2.7262900e-12
  65  93   5.9185740e-11
  65  94   8.8484100e-06
  65  95   1.3581600e-09
  65  96   1.2141000e-06
  65  97   1.2696400e-07
  65  98   5.9094300e-08
  65  99   1.9226600e-08
  65 100   5.9164100e-09
  65 101   2.7367000e-09
  65 102   2.6381200e-10
  65 103   2.7755800e-11
  65 104   4.5033400e-12
  65 105   3.8874700e-13
  65 106   2.4728300e-14
  65 107   1.2181900e-15
  66  91   0.0000000e+00
  66  92   5.8673700e-12
  66  93   5.2328900e-14
  66  94   1.3592400e-09
  66  95   1.2141100e-06
  66  96   1.2698500e-07
  66  97   5.9191700e-08
  66  98   1.9490400e-08
  66  99   1.1383130e-08
  66 100   3.6614400e-09
  66 101   4.9949200e-10
  66 102   1.2202800e-10
  66 103   3.5661000e-11
  66 104   1.0475000e-11
  66 105   1.3828900e-12
  66 106   1.9295700e-13
  67  93   0.0000000e+00
  67  94   0.0000000e+00
  67  95   5.4226600e-15
  67  96   4.5723300e-14
  67  97   4.2484300e-13
  67  98   6.3129200e-09
  67  99   3.6695234e-09
  67 100   5.0769100e-10
  67 101   1.3594285e-10
  67 102   4.3670100e-11
  67 103   1.5408240e-11
  67 104   3.7297000e-12
  67 105   8.1810800e-13
  68  95   0.0000000e+00
  68  96   9.9904400e-14
  68  97   8.6789200e-16
  68  98   3.6695400e-09
  68  99   5.6865190e-10
  68 100   1.2969100e-10
  68 101   4.3986700e-11
  68 102   1.6170300e-11
  68 103   4.4547100e-12
  68 104   1.4941900e-12
  69  97   0.0000000e+00
  69  98   0.0000000e+00
  69  99   4.2233200e-17
  69 100   4.3987100e-11
  69 101   2.5380600e-15
  69 102   4.4636700e-12
  69 103   1.5068700e-12
  70  98   4.2233200e-21
  70  99   0.0000000e+00
  70 100   2.5355500e-15
  70 101   4.4636869e-12
  70 102   1.5069400e-12
  71 101   0.0000000e+00
