# 3D Plot Data for U-233 Neutron-induced Fission Yields at 0.0253 (eV)
# JENDL FP Fission Yields Data File 2011 (FPY-2011)
# *) Raw Data
# [Cumulative]
#  Z   A   Fission Yield
  23  66   5.1648700e-19
  24  66   2.4466800e-14
  24  67   4.1014300e-15
  24  68   0.0000000e+00
  24  69   1.0167000e-17
  24  70   0.0000000e+00
  25  66   9.6813500e-12
  25  67   5.5765300e-12
  25  68   9.3772500e-13
  25  69   1.5878400e-13
  25  70   1.5678700e-14
  25  71   0.0000000e+00
  25  72   8.2005500e-17
  25  73   0.0000000e+00
  26  66   8.2457400e-10
  26  67   1.0441600e-09
  26  68   7.4093200e-10
  26  69   2.8277500e-10
  26  70   1.2384800e-10
  26  71   3.2555800e-11
  26  72   3.8847200e-12
  26  73   2.2169800e-13
  26  74   0.0000000e+00
  26  75   6.9698400e-16
  26  76   0.0000000e+00
  27  66   1.9630300e-09
  27  67   6.3070100e-09
  27  68   1.2938900e-08
  27  69   1.1667300e-08
  27  70   1.1038800e-08
  27  71   1.2615500e-08
  27  72   3.5191100e-09
  27  73   8.9400800e-10
  27  74   8.4285500e-11
  27  75   1.0885200e-11
  27  76   4.0145500e-13
  27  77   1.4762900e-14
  27  78   6.1978400e-16
  28  66   2.5646800e-09
  28  67   1.0971200e-08
  28  68   3.7308600e-08
  28  69   7.3363000e-08
  28  70   2.5556500e-07
  28  71   5.7990900e-07
  28  72   6.4968000e-07
  28  73   3.7114100e-07
  28  74   1.5088300e-07
  28  75   4.6044300e-08
  28  76   7.3702700e-09
  28  77   5.1229600e-10
  28  78   2.9360100e-11
  28  79   4.5719600e-13
  28  80   0.0000000e+00
  28  81   0.0000000e+00
  28  82   0.0000000e+00
  29  66   2.5685900e-09
  29  67   1.1111000e-08
  29  68   3.9642570e-08
  29  69   8.7843300e-08
  29  70   4.0257250e-07
  29  71   1.4007900e-06
  29  72   2.4575800e-06
  29  73   4.2664400e-06
  29  74   3.5061100e-06
  29  75   4.2498900e-06
  29  76   1.3742170e-06
  29  77   4.6563200e-07
  29  78   6.5437300e-08
  29  79   7.1402300e-09
  29  80   2.6264300e-10
  29  81   1.1684100e-11
  29  82   2.8860800e-13
  29  83   7.3958500e-15
  29  84   0.0000000e+00
  30  66   2.5686000e-09
  30  67   1.1111500e-08
  30  68   3.8799800e-08
  30  69   8.8694165e-08
  30  70   3.7889800e-07
  30  71   1.6130060e-06
  30  72   4.1365400e-06
  30  73   1.2129900e-05
  30  74   2.4558100e-05
  30  75   5.5563100e-05
  30  76   6.9315700e-05
  30  77   5.1101170e-05
  30  78   2.8318400e-05
  30  79   7.5729900e-06
  30  80   1.2984500e-06
  30  81   1.4780200e-07
  30  82   1.7576300e-08
  30  83   2.5665100e-10
  30  84   1.5279200e-11
  30  85   2.2508200e-13
  30  86   0.0000000e+00
  31  67   0.0000000e+00
  31  68   6.1251500e-15
  31  69   8.8313300e-08
  31  70   2.1970100e-11
  31  71   1.6143500e-06
  31  72   4.3171740e-06
  31  73   1.2551300e-05
  31  74   4.3700800e-05
  31  75   7.7972600e-05
  31  76   1.2377200e-04
  31  77   1.8093000e-04
  31  78   1.9873500e-04
  31  79   1.9565200e-04
  31  80   7.6434400e-05
  31  81   3.8477600e-05
  31  82   1.1329300e-05
  31  83   7.8014100e-07
  31  84   1.1885000e-07
  31  85   3.5152300e-09
  31  86   1.2183400e-10
  31  87   1.0331100e-12
  31  88   2.2346000e-14
  31  89   0.0000000e+00
  32  69   0.0000000e+00
  32  70   2.1898400e-11
  32  71   2.2148800e-12
  32  72   4.1632900e-06
  32  73   2.4918400e-05
  32  74   2.7199400e-05
  32  75   8.6484180e-05
  32  76   1.3814200e-04
  32  77   2.9012130e-04
  32  78   5.2596500e-04
  32  79   1.3750060e-03
  32  80   1.8866400e-03
  32  81   1.2996590e-03
  32  82   8.2781400e-04
  32  83   2.4754800e-04
  32  84   1.7240400e-04
  32  85   1.3153600e-05
  32  86   2.1771200e-06
  32  87   3.5850600e-08
  32  88   1.0585600e-09
  32  89   1.0039100e-11
  32  90   2.3899600e-12
  32  91   0.0000000e+00
  33  72   0.0000000e+00
  33  73   5.6922700e-13
  33  74   3.4053700e-11
  33  75   7.9570300e-05
  33  76   5.5524500e-08
  33  77   2.5508900e-04
  33  78   5.3753000e-04
  33  79   1.4302100e-03
  33  80   2.3040000e-03
  33  81   3.3463000e-03
  33  82   3.9986400e-03
  33  83   4.8273600e-03
  33  84   1.7112200e-03
  33  85   1.0613900e-03
  33  86   4.2899000e-04
  33  87   3.2607800e-05
  33  88   2.4475600e-06
  33  89   1.5678500e-07
  33  90   2.7343200e-08
  33  91   0.0000000e+00
  33  92   1.8214100e-12
  33  93   3.4456500e-12
  33  94   0.0000000e+00
  33  95   0.0000000e+00
  34  74   1.1578300e-11
  34  75   4.9532700e-13
  34  76   5.5567300e-08
  34  77   2.5585810e-04
  34  78   5.3762600e-04
  34  79   2.8358600e-03
  34  80   2.3374000e-03
  34  81   3.9439890e-03
  34  82   5.8475400e-03
  34  83   9.7759400e-03
  34  84   1.4706600e-02
  34  85   1.2319200e-02
  34  86   8.2901800e-03
  34  87   3.3081900e-03
  34  88   1.0921700e-03
  34  89   1.7131600e-04
  34  90   5.7483400e-05
  34  91   3.9605700e-06
  34  92   8.6282000e-08
  34  93   1.1957100e-07
  34  94   2.1570700e-11
  34  95   1.3240600e-13
  34  96   0.0000000e+00
  35  77   1.4038280e-13
  35  78   9.0177400e-12
  35  79   1.4332210e-03
  35  80   1.7119040e-07
  35  81   3.5934900e-03
  35  82   1.0668880e-05
  35  83   1.0141600e-02
  35  84   1.6925270e-02
  35  85   2.1174000e-02
  35  86   2.2075400e-02
  35  87   2.0544600e-02
  35  88   1.2805800e-02
  35  89   6.1445600e-03
  35  90   2.2608900e-03
  35  91   4.7791400e-04
  35  92   5.7531100e-05
  35  93   8.2954100e-05
  35  94   1.7378300e-07
  35  95   2.0678600e-09
  35  96   8.9578200e-11
  35  97   2.5813600e-12
  35  98   1.8340500e-12
  35  99   0.0000000e+00
  35 100   0.0000000e+00
  36  79   1.0720690e-13
  36  80   8.9661200e-08
  36  81   9.1648200e-10
  36  82   8.2827400e-06
  36  83   2.0282100e-02
  36  84   1.6960500e-02
  36  85   2.6917450e-02
  36  86   2.8295100e-02
  36  87   3.9413300e-02
  36  88   5.1111000e-02
  36  89   5.2264900e-02
  36  90   4.1213100e-02
  36  91   1.9491900e-02
  36  92   7.5923000e-03
  36  93   1.5124100e-03
  36  94   2.6000300e-04
  36  95   3.1849900e-06
  36  96   1.5978900e-06
  36  97   8.9577400e-08
  36  98   8.6882000e-08
  36  99   1.0460500e-11
  36 100   2.8061900e-13
  36 101   0.0000000e+00
  36 102   0.0000000e+00
  37  81   0.0000000e+00
  37  82   0.0000000e+00
  37  83   1.9972900e-10
  37  84   2.5300200e-08
  37  85   2.2346500e-02
  37  86   1.4766940e-05
  37  87   4.0162200e-02
  37  88   5.4516000e-02
  37  89   6.2249100e-02
  37  90   6.5072600e-02
  37  91   5.3628200e-02
  37  92   3.6839400e-02
  37  93   1.9905500e-02
  37  94   6.1473600e-03
  37  95   2.1419700e-03
  37  96   3.1458900e-04
  37  97   8.1459100e-05
  37  98   1.2473270e-05
  37  99   1.6336700e-07
  37 100   7.2603700e-09
  37 101   6.4461800e-11
  37 102   2.0132400e-12
  37 103   2.1151700e-13
  37 104   0.0000000e+00
  37 105   0.0000000e+00
  38  83   0.0000000e+00
  38  84   4.9562200e-10
  38  85   1.1287160e-10
  38  86   8.9951800e-06
  38  87   4.0162567e-02
  38  88   5.4526800e-02
  38  89   6.3339200e-02
  38  90   6.7796500e-02
  38  91   6.4731500e-02
  38  92   6.3882000e-02
  38  93   6.4674300e-02
  38  94   5.4030100e-02
  38  95   3.4625700e-02
  38  96   1.8256300e-02
  38  97   6.4751200e-03
  38  98   2.2095400e-03
  38  99   2.5165200e-04
  38 100   3.3850800e-05
  38 101   2.2369400e-06
  38 102   9.5370100e-08
  38 103   7.3399700e-09
  38 104   0.0000000e+00
  38 105   0.0000000e+00
  38 106   0.0000000e+00
  38 107   0.0000000e+00
  39  86   0.0000000e+00
  39  87   4.7296800e-13
  39  88   1.8278570e-09
  39  89   6.3345583e-02
  39  90   6.7798727e-02
  39  91   1.0303910e-01
  39  92   6.5481400e-02
  39  93   9.2442700e-02
  39  94   6.7113100e-02
  39  95   5.9970300e-02
  39  96   4.5914300e-02
  39  97   3.6448560e-02
  39  98   1.5156270e-02
  39  99   7.3375600e-03
  39 100   3.2617787e-03
  39 101   5.3452600e-04
  39 102   4.7435100e-05
  39 103   5.0923400e-06
  39 104   1.4580200e-10
  39 105   1.6460800e-12
  39 106   4.6605400e-16
  39 107   2.2987200e-16
  39 108   0.0000000e+00
  39 109   2.4635400e-14
  40  88   1.7875800e-14
  40  89   1.7712300e-12
  40  90   6.7797900e-02
  40  91   6.4759900e-02
  40  92   6.5482000e-02
  40  93   6.9673000e-02
  40  94   6.8203200e-02
  40  95   6.3404400e-02
  40  96   5.6666800e-02
  40  97   5.5598100e-02
  40  98   4.9256000e-02
  40  99   4.0259900e-02
  40 100   3.4493600e-02
  40 101   1.3872500e-02
  40 102   6.1503100e-03
  40 103   1.3548700e-03
  40 104   1.7706000e-04
  40 105   1.8345000e-05
  40 106   7.0903600e-09
  40 107   2.5618500e-09
  40 108   5.3627200e-12
  40 109   8.5490200e-10
  40 110   3.1557100e-12
  40 111   1.3655700e-14
  40 112   0.0000000e+00
  41  90   0.0000000e+00
  41  91   1.0930300e-13
  41  92   6.2282200e-12
  41  93   1.3760420e-01
  41  94   7.2846300e-08
  41  95   6.4052779e-02
  41  96   5.5774200e-05
  41  97   1.0956990e-01
  41  98   5.1275728e-02
  41  99   4.8757400e-02
  41 100   4.3701390e-02
  41 101   2.9072100e-02
  41 102   1.6037770e-02
  41 103   7.7526500e-03
  41 104   1.7574230e-03
  41 105   6.6274600e-04
  41 106   3.8295000e-05
  41 107   8.7780200e-06
  41 108   8.1293500e-07
  41 109   5.9316000e-07
  41 110   1.2386100e-08
  41 111   2.1326900e-10
  41 112   1.9963800e-13
  41 113   8.5021400e-15
  41 114   0.0000000e+00
  41 115   0.0000000e+00
  42  92   0.0000000e+00
  42  93   2.7533510e-14
  42  94   5.1633000e-08
  42  95   6.3406100e-02
  42  96   5.5790200e-05
  42  97   5.6546200e-02
  42  98   5.1285100e-02
  42  99   4.9114900e-02
  42 100   4.6392600e-02
  42 101   3.1652000e-02
  42 102   2.3919400e-02
  42 103   1.5251000e-02
  42 104   9.2101200e-03
  42 105   4.2438400e-03
  42 106   2.0876800e-03
  42 107   8.6244100e-04
  42 108   4.5373100e-04
  42 109   6.5595700e-05
  42 110   9.1850100e-06
  42 111   3.2850600e-07
  42 112   9.4571100e-09
  42 113   2.9503700e-10
  42 114   4.6337000e-12
  42 115   3.3579000e-14
  42 116   0.0000000e+00
  42 117   0.0000000e+00
  43  95   0.0000000e+00
  43  96   0.0000000e+00
  43  97   2.1339680e-11
  43  98   8.8080300e-10
  43  99   9.2579900e-02
  43 100   7.4598600e-07
  43 101   3.1660600e-02
  43 102   2.3989541e-02
  43 103   1.5708800e-02
  43 104   9.7850300e-03
  43 105   4.8391000e-03
  43 106   2.4024300e-03
  43 107   1.1424800e-03
  43 108   7.5129900e-04
  43 109   2.7262000e-04
  43 110   9.9486500e-05
  43 111   1.9082100e-05
  43 112   1.7070400e-06
  43 113   2.0471600e-07
  43 114   1.1688600e-08
  43 115   5.2442000e-10
  43 116   1.1983700e-11
  43 117   1.1165700e-13
  43 118   3.0356800e-15
  43 119   0.0000000e+00
  43 120   0.0000000e+00
  44  98   8.8081800e-10
  44  99   4.9115000e-02
  44 100   7.4611600e-07
  44 101   3.1660600e-02
  44 102   2.3988600e-02
  44 103   1.5712024e-02
  44 104   9.7850300e-03
  44 105   4.9564200e-03
  44 106   2.4580200e-03
  44 107   1.1432900e-03
  44 108   7.5667000e-04
  44 109   3.9076100e-04
  44 110   3.7106000e-04
  44 111   1.6961100e-04
  44 112   7.0761900e-05
  44 113   2.2033190e-05
  44 114   5.7138600e-06
  44 115   8.0783600e-07
  44 116   7.3910100e-08
  44 117   3.8747100e-09
  44 118   1.4380400e-10
  44 119   2.3368200e-12
  44 120   2.7562500e-14
  44 121   6.3943500e-16
  44 122   0.0000000e+00
  44 123   0.0000000e+00
  44 124   0.0000000e+00
  45 100   0.0000000e+00
  45 101   2.7208540e-14
  45 102   3.3609300e-12
  45 103   3.1237200e-02
  45 104   0.0000000e+00
  45 105   6.3590900e-03
  45 106   2.4582650e-03
  45 107   1.1432900e-03
  45 108   7.5667002e-04
  45 109   3.9285800e-04
  45 110   3.8661830e-04
  45 111   2.1357100e-04
  45 112   1.3147870e-04
  45 113   9.1919300e-05
  45 114   5.1738850e-05
  45 115   2.3936400e-05
  45 116   6.3088810e-06
  45 117   1.3220800e-06
  45 118   1.2996600e-07
  45 119   1.0687700e-08
  45 120   3.4555700e-10
  45 121   9.9864300e-12
  45 122   1.9074100e-13
  45 123   0.0000000e+00
  45 124   0.0000000e+00
  45 125   0.0000000e+00
  45 126   0.0000000e+00
  45 127   0.0000000e+00
  45 128   0.0000000e+00
  46 102   2.2192700e-13
  46 103   0.0000000e+00
  46 104   0.0000000e+00
  46 105   4.9564200e-03
  46 106   2.4582700e-03
  46 107   1.1432900e-03
  46 108   7.5667000e-04
  46 109   3.9286482e-04
  46 110   3.8684000e-04
  46 111   2.1652188e-04
  46 112   1.4338300e-04
  46 113   1.8265600e-04
  46 114   1.3295800e-04
  46 115   1.3831120e-04
  46 116   9.8684200e-05
  46 117   9.3385100e-05
  46 118   2.4054100e-05
  46 119   5.0132200e-06
  46 120   7.9125300e-07
  46 121   6.1525300e-08
  46 122   5.9820400e-09
  46 123   0.0000000e+00
  46 124   0.0000000e+00
  46 125   0.0000000e+00
  46 126   0.0000000e+00
  46 127   0.0000000e+00
  46 128   0.0000000e+00
  46 129   3.8186300e-13
  46 130   0.0000000e+00
  46 131   0.0000000e+00
  47 105   0.0000000e+00
  47 106   0.0000000e+00
  47 107   1.1432900e-03
  47 108   0.0000000e+00
  47 109   7.8552800e-04
  47 110   3.6697200e-11
  47 111   4.2774700e-04
  47 112   1.4341700e-04
  47 113   2.1289300e-04
  47 114   1.4058994e-04
  47 115   1.7912420e-04
  47 116   1.3641190e-04
  47 117   1.2404660e-04
  47 118   1.1436290e-04
  47 119   6.0290100e-05
  47 120   2.7667200e-05
  47 121   8.0802900e-06
  47 122   2.0330710e-06
  47 123   6.9305900e-10
  47 124   7.2102000e-11
  47 125   8.9278700e-12
  47 126   7.4199100e-13
  47 127   7.3699800e-14
  47 128   0.0000000e+00
  47 129   5.9637600e-09
  47 130   4.1943000e-11
  47 131   1.4158600e-12
  47 132   0.0000000e+00
  47 133   0.0000000e+00
  48 108   0.0000000e+00
  48 109   0.0000000e+00
  48 110   3.6317000e-11
  48 111   2.1557100e-04
  48 112   1.4341700e-04
  48 113   1.3153848e-04
  48 114   1.3690400e-04
  48 115   1.5578850e-04
  48 116   1.3716900e-04
  48 117   1.3665120e-04
  48 118   1.5296900e-04
  48 119   1.7415590e-04
  48 120   1.9163800e-04
  48 121   1.4322360e-04
  48 122   1.5070800e-04
  48 123   1.9075480e-05
  48 124   9.7368400e-06
  48 125   3.0111100e-06
  48 126   1.2083600e-06
  48 127   3.6150900e-07
  48 128   5.0747600e-08
  48 129   9.1868100e-06
  48 130   7.9595300e-07
  48 131   4.9132200e-08
  48 132   7.3100700e-10
  48 133   1.4579200e-11
  48 134   1.0086200e-13
  48 135   0.0000000e+00
  48 136   0.0000000e+00
  49 110   0.0000000e+00
  49 111   0.0000000e+00
  49 112   0.0000000e+00
  49 113   1.3153600e-04
  49 114   7.0266910e-12
  49 115   2.3758410e-04
  49 116   5.4653100e-09
  49 117   1.7915960e-04
  49 118   1.5420795e-04
  49 119   1.8524670e-04
  49 120   2.1694436e-04
  49 121   2.2317750e-04
  49 122   3.3341970e-04
  49 123   4.3879510e-04
  49 124   3.6198900e-04
  49 125   4.3742180e-04
  49 126   3.8498700e-04
  49 127   6.4789960e-04
  49 128   2.1841400e-04
  49 129   9.2593000e-04
  49 130   1.6656810e-04
  49 131   5.5717180e-05
  49 132   1.7878700e-06
  49 133   2.2768700e-07
  49 134   3.8248600e-09
  49 135   2.7281200e-11
  49 136   2.8860800e-13
  49 137   0.0000000e+00
  49 138   0.0000000e+00
  50 113   0.0000000e+00
  50 114   3.2455000e-12
  50 115   1.5578900e-04
  50 116   4.3347800e-09
  50 117   1.3708684e-04
  50 118   1.5395800e-04
  50 119   1.9025183e-04
  50 120   2.1800300e-04
  50 121   2.4779820e-04
  50 122   4.0866000e-04
  50 123   6.0070500e-04
  50 124   7.4479800e-04
  50 125   1.1647740e-03
  50 126   2.2390400e-03
  50 127   5.4484200e-03
  50 128   1.1606040e-02
  50 129   1.1186430e-02
  50 130   7.9305200e-03
  50 131   5.1197300e-03
  50 132   8.4800900e-04
  50 133   2.8135400e-04
  50 134   2.5876100e-05
  50 135   9.4669400e-07
  50 136   2.9959400e-08
  50 137   3.0258800e-10
  50 138   5.6323500e-12
  50 139   6.1577700e-14
  50 140   0.0000000e+00
  51 116   0.0000000e+00
  51 117   0.0000000e+00
  51 118   1.2912450e-13
  51 119   1.3481700e-11
  51 120   5.4326100e-10
  51 121   2.3049500e-04
  51 122   1.1213640e-06
  51 123   6.0078700e-04
  51 124   7.4425100e-07
  51 125   1.1679900e-03
  51 126   4.0999320e-03
  51 127   5.6270300e-03
  51 128   8.6300470e-03
  51 129   1.5806220e-02
  51 130   1.8386420e-02
  51 131   1.9461600e-02
  51 132   1.1780480e-02
  51 133   8.2597600e-03
  51 134   2.0295370e-03
  51 135   3.7689600e-04
  51 136   3.2756700e-05
  51 137   1.6179300e-06
  51 138   7.7598300e-08
  51 139   9.6168100e-10
  51 140   1.4925400e-11
  51 141   7.1459500e-13
  51 142   0.0000000e+00
  51 143   0.0000000e+00
  52 119   0.0000000e+00
  52 120   5.1330200e-14
  52 121   8.5496400e-12
  52 122   5.1618500e-07
  52 123   1.2204140e-13
  52 124   4.1543600e-07
  52 125   1.4226120e-03
  52 126   2.2568800e-03
  52 127   6.5332450e-03
  52 128   8.3494800e-03
  52 129   1.9118570e-02
  52 130   2.0861000e-02
  52 131   3.8929400e-02
  52 132   4.7530200e-02
  52 133   5.7541100e-02
  52 134   4.0336600e-02
  52 135   1.7150900e-02
  52 136   7.1976300e-03
  52 137   8.8050200e-04
  52 138   1.9492100e-04
  52 139   5.9225800e-06
  52 140   7.0703400e-07
  52 141   2.4797500e-08
  52 142   2.4067300e-10
  52 143   1.8599200e-12
  52 144   2.8561600e-13
  52 145   0.0000000e+00
  53 122   0.0000000e+00
  53 123   0.0000000e+00
  53 124   0.0000000e+00
  53 125   0.0000000e+00
  53 126   0.0000000e+00
  53 127   5.6270500e-03
  53 128   7.4199100e-07
  53 129   1.5725200e-02
  53 130   3.2411020e-05
  53 131   3.6002500e-02
  53 132   5.0170963e-02
  53 133   6.4477890e-02
  53 134   6.9841270e-02
  53 135   5.0248000e-02
  53 136   2.9198800e-02
  53 137   1.6385300e-02
  53 138   6.1324400e-03
  53 139   2.1743600e-03
  53 140   2.2635400e-04
  53 141   1.7205400e-05
  53 142   8.8602000e-07
  53 143   2.9047300e-08
  53 144   3.2676500e-09
  53 145   1.7093900e-11
  53 146   3.4994600e-13
  53 147   0.0000000e+00
  53 148   0.0000000e+00
  54 125   0.0000000e+00
  54 126   0.0000000e+00
  54 127   0.0000000e+00
  54 128   6.9114500e-07
  54 129   1.5725200e-02
  54 130   2.5930500e-05
  54 131   3.6399095e-02
  54 132   4.9475228e-02
  54 133   6.1527830e-02
  54 134   6.4457900e-02
  54 135   7.9453400e-02
  54 136   6.7680400e-02
  54 137   6.0325800e-02
  54 138   4.8977600e-02
  54 139   3.0981600e-02
  54 140   1.5901400e-02
  54 141   3.4128600e-03
  54 142   8.9927900e-04
  54 143   4.4743700e-05
  54 144   6.8701200e-06
  54 145   5.9318700e-07
  54 146   1.6577400e-08
  54 147   1.7924700e-11
  54 148   1.6377800e-12
  54 149   1.0542700e-13
  54 150   0.0000000e+00
  55 128   0.0000000e+00
  55 129   0.0000000e+00
  55 130   0.0000000e+00
  55 131   1.5179400e-11
  55 132   1.0985000e-09
  55 133   5.9425500e-02
  55 134   3.8111500e-06
  55 135   6.2581797e-02
  55 136   1.5374310e-03
  55 137   6.7425800e-02
  55 138   6.3288410e-02
  55 139   5.7320500e-02
  55 140   4.4785700e-02
  55 141   3.6485100e-02
  55 142   1.3463400e-02
  55 143   4.0876200e-03
  55 144   1.0282200e-03
  55 145   2.4369400e-04
  55 146   1.7033100e-05
  55 147   2.7993900e-07
  55 148   2.0573600e-08
  55 149   1.6465100e-09
  55 150   4.0844500e-12
  55 151   1.1654200e-13
  55 152   0.0000000e+00
  56 131   0.0000000e+00
  56 132   2.0562100e-11
  56 133   2.0615000e-13
  56 134   2.6771300e-06
  56 135   6.2559534e-02
  56 136   1.8095020e-03
  56 137   1.3133930e-01
  56 138   5.8993800e-02
  56 139   6.2954500e-02
  56 140   6.3893200e-02
  56 141   6.3090400e-02
  56 142   6.1951600e-02
  56 143   4.0694200e-02
  56 144   3.2765300e-02
  56 145   1.1866300e-02
  56 146   3.5302000e-03
  56 147   4.3118900e-04
  56 148   4.7161600e-05
  56 149   2.5362400e-06
  56 150   1.0885500e-07
  56 151   4.0442000e-09
  56 152   3.3155000e-11
  56 153   1.7136800e-13
  56 154   0.0000000e+00
  57 133   0.0000000e+00
  57 134   0.0000000e+00
  57 135   7.7095300e-13
  57 136   0.0000000e+00
  57 137   8.0191200e-09
  57 138   1.7875800e-07
  57 139   6.2960200e-02
  57 140   6.4156400e-02
  57 141   6.4718900e-02
  57 142   6.6583200e-02
  57 143   5.9282500e-02
  57 144   4.5597800e-02
  57 145   2.9547400e-02
  57 146   1.4418760e-02
  57 147   5.7646800e-03
  57 148   1.3634600e-03
  57 149   3.0506500e-04
  57 150   3.1944600e-05
  57 151   2.8061100e-06
  57 152   1.0788500e-07
  57 153   2.6763500e-09
  57 154   2.9160400e-11
  57 155   1.4504000e-13
  57 156   2.7616300e-15
  57 157   0.0000000e+00
  58 135   0.0000000e+00
  58 136   0.0000000e+00
  58 137   1.4831800e-14
  58 138   6.1494300e-08
  58 139   2.4973600e-09
  58 140   6.4156500e-02
  58 141   6.4720700e-02
  58 142   6.6617500e-02
  58 143   5.9575500e-02
  58 144   4.7198400e-02
  58 145   3.4354200e-02
  58 146   2.5626800e-02
  58 147   1.6565000e-02
  58 148   1.1425600e-02
  58 149   5.0019300e-03
  58 150   2.0567700e-03
  58 151   3.6568530e-04
  58 152   6.6764100e-05
  58 153   4.0969200e-06
  58 154   2.0375000e-07
  58 155   5.0331400e-09
  58 156   1.3082200e-10
  58 157   1.3381900e-12
  58 158   0.0000000e+00
  58 159   7.7371700e-17
  58 160   0.0000000e+00
  59 138   0.0000000e+00
  59 139   0.0000000e+00
  59 140   1.1384500e-12
  59 141   6.4720700e-02
  59 142   8.9860600e-09
  59 143   5.9575800e-02
  59 144   4.7331009e-02
  59 145   3.4391300e-02
  59 146   2.5825600e-02
  59 147   1.7352500e-02
  59 148   1.2934110e-02
  59 149   7.5363900e-03
  59 150   4.2515800e-03
  59 151   1.9740800e-03
  59 152   6.2289800e-04
  59 153   1.4742200e-04
  59 154   1.6461600e-05
  59 155   1.8325300e-06
  59 156   1.1497400e-07
  59 157   5.2442100e-09
  59 158   6.3913100e-11
  59 159   1.2083600e-12
  59 160   0.0000000e+00
  59 161   6.9066300e-17
  59 162   0.0000000e+00
  60 141   0.0000000e+00
  60 142   5.2821100e-09
  60 143   5.9575800e-02
  60 144   4.7201200e-02
  60 145   3.4391300e-02
  60 146   2.5826400e-02
  60 147   1.7360000e-02
  60 148   1.2997100e-02
  60 149   7.7698600e-03
  60 150   5.0452200e-03
  60 151   3.0885100e-03
  60 152   2.0623100e-03
  60 153   8.9056900e-04
  60 154   3.3474800e-04
  60 155   8.0122000e-05
  60 156   2.0624700e-05
  60 157   2.1221700e-06
  60 158   1.1490800e-07
  60 159   5.1142600e-09
  60 160   1.5678700e-10
  60 161   2.3967400e-12
  60 162   6.3577100e-15
  60 163   0.0000000e+00
  60 164   0.0000000e+00
  61 144   0.0000000e+00
  61 145   5.1829600e-13
  61 146   1.0985000e-10
  61 147   1.7360000e-02
  61 148   1.3282330e-08
  61 149   7.7703900e-03
  61 150   4.3640700e-06
  61 151   3.1149300e-03
  61 152   2.1326524e-03
  61 153   1.0314900e-03
  61 154   4.5272700e-04
  61 155   1.8751600e-04
  61 156   7.6378900e-05
  61 157   2.3692900e-05
  61 158   2.6614500e-06
  61 159   4.7247800e-07
  61 160   3.2812400e-08
  61 161   2.1794400e-09
  61 162   1.6583800e-11
  61 163   5.3028000e-13
  61 164   8.7055700e-15
  61 165   0.0000000e+00
  61 166   4.6167600e-19
  62 146   3.7349200e-11
  62 147   1.7360000e-02
  62 148   1.2905500e-08
  62 149   7.7703900e-03
  62 150   4.3689300e-06
  62 151   3.1150000e-03
  62 152   2.1334900e-03
  62 153   1.0395682e-03
  62 154   4.6623900e-04
  62 155   2.1382000e-04
  62 156   1.2699000e-04
  62 157   6.0712600e-05
  62 158   1.8519900e-05
  62 159   6.1847300e-06
  62 160   1.5607300e-06
  62 161   2.2186300e-07
  62 162   6.9871100e-09
  62 163   5.1383300e-10
  62 164   2.2578000e-11
  62 165   6.0417900e-13
  62 166   2.1870300e-14
  62 167   9.3197700e-17
  62 168   0.0000000e+00
  63 149   0.0000000e+00
  63 150   0.0000000e+00
  63 151   3.1150000e-03
  63 152   1.6502262e-10
  63 153   1.0357000e-03
  63 154   3.0617480e-08
  63 155   2.1400100e-04
  63 156   1.2777100e-04
  63 157   6.2929600e-05
  63 158   2.0457300e-05
  63 159   8.6713600e-06
  63 160   2.8190200e-06
  63 161   8.6698700e-07
  63 162   4.7831600e-08
  63 163   1.2197900e-08
  63 164   1.1510400e-09
  63 165   1.2443600e-10
  63 166   1.0407700e-11
  63 167   1.7086100e-13
  63 168   3.5015100e-15
  63 169   5.8427100e-17
  63 170   4.8215500e-19
  64 151   0.0000000e+00
  64 152   3.4698900e-11
  64 153   1.7376400e-13
  64 154   2.0774000e-08
  64 155   2.1400112e-04
  64 156   1.2777400e-04
  64 157   6.2946200e-05
  64 158   2.0521600e-05
  64 159   8.8481200e-06
  64 160   3.1595600e-06
  64 161   1.2085200e-06
  64 162   1.2432800e-07
  64 163   5.3741500e-08
  64 164   1.5631500e-08
  64 165   3.2500400e-09
  64 166   1.0489900e-09
  64 167   3.8119200e-11
  64 168   2.0906700e-12
  64 169   8.9337100e-14
  64 170   4.2695000e-15
  64 171   6.1793400e-17
  64 172   9.0710100e-19
  65 154   0.0000000e+00
  65 155   0.0000000e+00
  65 156   3.7507000e-14
  65 157   2.7262900e-12
  65 158   5.9185740e-11
  65 159   8.8484100e-06
  65 160   1.3581600e-09
  65 161   1.2141000e-06
  65 162   1.2696400e-07
  65 163   5.9094300e-08
  65 164   1.9226600e-08
  65 165   5.9164100e-09
  65 166   2.7367000e-09
  65 167   2.6381200e-10
  65 168   2.7755800e-11
  65 169   4.5033400e-12
  65 170   3.8874700e-13
  65 171   2.4728300e-14
  65 172   1.2181900e-15
  66 157   0.0000000e+00
  66 158   5.8673700e-12
  66 159   5.2328900e-14
  66 160   1.3592400e-09
  66 161   1.2141100e-06
  66 162   1.2698500e-07
  66 163   5.9191700e-08
  66 164   1.9490400e-08
  66 165   1.1383130e-08
  66 166   3.6614400e-09
  66 167   4.9949200e-10
  66 168   1.2202800e-10
  66 169   3.5661000e-11
  66 170   1.0475000e-11
  66 171   1.3828900e-12
  66 172   1.9295700e-13
  67 160   0.0000000e+00
  67 161   0.0000000e+00
  67 162   5.4226600e-15
  67 163   4.5723300e-14
  67 164   4.2484300e-13
  67 165   6.3129200e-09
  67 166   3.6695234e-09
  67 167   5.0769100e-10
  67 168   1.3594285e-10
  67 169   4.3670100e-11
  67 170   1.5408240e-11
  67 171   3.7297000e-12
  67 172   8.1810800e-13
  68 163   0.0000000e+00
  68 164   9.9904400e-14
  68 165   8.6789200e-16
  68 166   3.6695400e-09
  68 167   5.6865190e-10
  68 168   1.2969100e-10
  68 169   4.3986700e-11
  68 170   1.6170300e-11
  68 171   4.4547100e-12
  68 172   1.4941900e-12
  69 166   0.0000000e+00
  69 167   0.0000000e+00
  69 168   4.2233200e-17
  69 169   4.3987100e-11
  69 170   2.5380600e-15
  69 171   4.4636700e-12
  69 172   1.5068700e-12
  70 168   4.2233200e-21
  70 169   0.0000000e+00
  70 170   2.5355500e-15
  70 171   4.4636869e-12
  70 172   1.5069400e-12
  71 172   0.0000000e+00
