# 3D Plot Data for U-235 Neutron-induced Fission Yields at 0.0253 (eV)
# JENDL FP Fission Yields Data File 2011 (FPY-2011)
# *) Raw Data
# [Independent]
#  Z   N   Fission Yield
  23  43   2.0558300e-19
  24  42   2.4162900e-14
  24  43   4.3361700e-15
  24  44   3.6116100e-16
  24  45   2.1138600e-18
  24  46   0.0000000e+00
  25  41   7.2188400e-12
  25  42   5.3940800e-12
  25  43   6.6774300e-13
  25  44   8.0508000e-14
  25  45   7.5722100e-15
  25  46   0.0000000e+00
  25  47   6.0992400e-18
  25  48   6.4279400e-19
  26  40   3.7698400e-10
  26  41   6.8879700e-10
  26  42   3.9302600e-10
  26  43   1.2231900e-10
  26  44   3.2484800e-11
  26  45   4.9328700e-12
  26  46   7.1686500e-13
  26  47   5.5544300e-14
  26  48   0.0000000e+00
  26  49   1.0029600e-16
  26  50   0.0000000e+00
  27  39   2.8173500e-10
  27  40   2.0052400e-09
  27  41   3.6793800e-09
  27  42   3.2585100e-09
  27  43   2.1636630e-09
  27  44   1.4838800e-09
  27  45   5.8151800e-10
  27  46   2.2157800e-10
  27  47   3.0078500e-11
  27  48   3.8198700e-12
  27  49   2.5366200e-13
  27  50   6.5439700e-15
  27  51   4.2907900e-16
  28  38   5.7951300e-11
  28  39   9.0636600e-10
  28  40   4.2009600e-09
  28  41   1.0256420e-08
  28  42   2.7872700e-08
  28  43   4.3613800e-08
  28  44   7.6198900e-08
  28  45   7.1486600e-08
  28  46   4.5919900e-08
  28  47   1.5340000e-08
  28  48   5.0331400e-09
  28  49   5.6547000e-10
  28  50   5.0431200e-11
  28  51   0.0000000e+00
  28  52   1.5640800e-14
  28  53   0.0000000e+00
  28  54   0.0000000e+00
  29  37   1.4337400e-13
  29  38   9.7053400e-12
  29  39   1.0537500e-10
  29  40   1.1429800e-09
  29  41   6.7533000e-09
  29  42   3.4891000e-08
  29  43   1.2733200e-07
  29  44   4.7223300e-07
  29  45   6.8378500e-07
  29  46   1.0126400e-06
  29  47   7.2213400e-07
  29  48   4.4616500e-07
  29  49   1.0928500e-07
  29  50   1.3173800e-08
  29  51   5.2637400e-10
  29  52   0.0000000e+00
  29  53   1.4838800e-12
  29  54   7.3329600e-15
  29  55   0.0000000e+00
  30  36   3.6418800e-17
  30  37   1.1007200e-14
  30  38   4.7524100e-13
  30  39   1.3114280e-11
  30  40   3.0379300e-10
  30  41   4.0716270e-09
  30  42   6.1159700e-08
  30  43   5.1149044e-07
  30  44   2.5165700e-06
  30  45   7.6900700e-06
  30  46   1.8428100e-05
  30  47   2.7694590e-05
  30  48   3.5743300e-05
  30  49   1.6432900e-05
  30  50   2.4263300e-06
  30  51   3.7949100e-07
  30  52   1.0828200e-07
  30  53   6.3364700e-10
  30  54   1.2231900e-08
  30  55   1.5478800e-13
  30  56   2.2859700e-12
  31  36   0.0000000e+00
  31  37   0.0000000e+00
  31  38   3.7504200e-15
  31  39   1.4738500e-13
  31  40   9.4145800e-12
  31  41   3.8701000e-10
  31  42   1.2131600e-08
  31  43   1.4638160e-07
  31  44   1.9350500e-06
  31  45   1.0487400e-05
  31  46   4.0926800e-05
  31  47   1.0308900e-04
  31  48   1.7153800e-04
  31  49   1.1737700e-04
  31  50   8.1994000e-05
  31  51   6.2783900e-05
  31  52   1.9250200e-06
  31  53   1.1096900e-04
  31  54   5.8952300e-09
  31  55   3.2885900e-07
  31  56   2.5479700e-10
  31  57   4.4358100e-12
  31  58   0.0000000e+00
  32  37   0.0000000e+00
  32  38   0.0000000e+00
  32  39   3.8714150e-15
  32  40   3.6495200e-13
  32  41   2.9466880e-11
  32  42   1.6743700e-09
  32  43   5.2547180e-08
  32  44   1.3034000e-06
  32  45   6.8689280e-06
  32  46   6.9601700e-05
  32  47   2.3311880e-04
  32  48   1.0209200e-03
  32  49   1.1319310e-03
  32  50   1.2680900e-03
  32  51   4.8014300e-04
  32  52   1.9045800e-04
  32  53   2.1355700e-05
  32  54   3.4465200e-06
  32  55   2.2017200e-05
  32  56   5.2135700e-07
  32  57   4.0539700e-11
  32  58   1.1738700e-12
  32  59   6.1538400e-14
  33  39   0.0000000e+00
  33  40   0.0000000e+00
  33  41   1.6633400e-13
  33  42   2.5667000e-11
  33  43   1.6543100e-09
  33  44   4.3212800e-08
  33  45   1.3034000e-06
  33  46   2.6639500e-05
  33  47   1.3731800e-04
  33  48   6.1068400e-04
  33  49   1.5627420e-03
  33  50   2.9147000e-03
  33  51   1.9792400e-03
  33  52   1.2168800e-03
  33  53   1.9976200e-04
  33  54   5.0668200e-04
  33  55   1.4367500e-05
  33  56   1.5439900e-06
  33  57   3.2869200e-08
  33  58   2.3437400e-09
  33  59   3.5571800e-12
  33  60   2.8511100e-13
  33  61   0.0000000e+00
  33  62   0.0000000e+00
  34  40   0.0000000e+00
  34  41   0.0000000e+00
  34  42   3.0479600e-13
  34  43   2.1205310e-11
  34  44   2.4764700e-09
  34  45   1.2683050e-07
  34  46   4.9027900e-06
  34  47   7.9858500e-05
  34  48   3.7198100e-04
  34  49   1.7691870e-03
  34  50   6.3264100e-03
  34  51   8.9577700e-03
  34  52   8.3808200e-03
  34  53   7.3301300e-03
  34  54   2.6859400e-03
  34  55   4.8679100e-04
  34  56   1.2732900e-04
  34  57   6.6750800e-06
  34  58   4.1808800e-07
  34  59   2.4636700e-08
  34  60   1.7144800e-10
  34  61   6.6435600e-13
  34  62   1.2833500e-13
  35  42   0.0000000e+00
  35  43   4.9529300e-14
  35  44   1.3545420e-11
  35  45   1.4848740e-09
  35  46   8.8831800e-08
  35  47   5.4742800e-07
  35  48   1.9590100e-04
  35  49   3.5399400e-04
  35  50   2.3565100e-03
  35  51   4.6070700e-03
  35  52   1.2751900e-02
  35  53   1.3911500e-02
  35  54   1.0420600e-02
  35  55   5.5403800e-03
  35  56   2.2430500e-03
  35  57   2.6843100e-04
  35  58   3.0926100e-05
  35  59   1.6643400e-06
  35  60   2.5302600e-08
  35  61   1.9150000e-08
  35  62   3.4460300e-12
  35  63   1.3930100e-10
  35  64   0.0000000e+00
  35  65   0.0000000e+00
  36  43   0.0000000e+00
  36  44   6.2663600e-14
  36  45   1.0868360e-11
  36  46   3.3587600e-10
  36  47   8.2014000e-08
  36  48   3.2585100e-06
  36  49   3.1508250e-04
  36  50   8.7457200e-04
  36  51   4.6462000e-03
  36  52   1.7368700e-02
  36  53   3.4476900e-02
  36  54   4.4087700e-02
  36  55   3.1644600e-02
  36  56   1.6625600e-02
  36  57   4.8761900e-03
  36  58   8.7048300e-04
  36  59   7.2062900e-05
  36  60   3.7912900e-04
  36  61   2.9777400e-07
  36  62   1.6372600e-05
  36  63   1.2309000e-11
  36  64   1.1530100e-08
  36  65   4.1469100e-13
  36  66   0.0000000e+00
  37  44   0.0000000e+00
  37  45   0.0000000e+00
  37  46   2.3060200e-12
  37  47   3.8785211e-10
  37  48   2.3812100e-05
  37  49   6.4668700e-08
  37  50   2.5085400e-05
  37  51   2.2361300e-04
  37  52   2.0509200e-03
  37  53   8.4751500e-03
  37  54   2.2309000e-02
  37  55   3.1401500e-02
  37  56   3.0749600e-02
  37  57   1.5706800e-02
  37  58   7.6574000e-03
  37  59   1.6887500e-03
  37  60   3.8039300e-04
  37  61   2.4711049e-05
  37  62   4.6879900e-07
  37  63   6.5815300e-08
  37  64   1.5793900e-08
  37  65   1.4757600e-11
  37  66   2.3874700e-13
  37  67   0.0000000e+00
  37  68   0.0000000e+00
  38  45   0.0000000e+00
  38  46   0.0000000e+00
  38  47   7.8705400e-13
  38  48   1.1931200e-10
  38  49   1.3244570e-08
  38  50   7.7001000e-07
  38  51   1.7566900e-04
  38  52   7.3910900e-04
  38  53   2.5115600e-03
  38  54   1.0780700e-02
  38  55   2.5766200e-02
  38  56   4.5248000e-02
  38  57   4.5494800e-02
  38  58   3.5777000e-02
  38  59   1.7253100e-02
  38  60   8.1026300e-03
  38  61   1.3351600e-03
  38  62   8.1743300e-05
  38  63   4.4981700e-05
  38  64   1.7345100e-06
  38  65   2.0630300e-08
  38  66   1.3134300e-09
  38  67   0.0000000e+00
  38  68   0.0000000e+00
  38  69   0.0000000e+00
  39  47   0.0000000e+00
  39  48   3.5436500e-15
  39  49   4.7517300e-12
  39  50   2.3260720e-09
  39  51   8.9934700e-08
  39  52   3.3086320e-06
  39  53   7.1675000e-04
  39  54   1.0896040e-03
  39  55   3.9088100e-03
  39  56   1.1083700e-02
  39  57   2.2499220e-02
  39  58   3.2475370e-02
  39  59   2.2185850e-02
  39  60   1.9545700e-02
  39  61   8.7790220e-03
  39  62   2.7874900e-03
  39  63   1.6490193e-03
  39  64   2.5897000e-05
  39  65   5.6948700e-06
  39  66   4.6825200e-12
  39  67   4.9924900e-17
  39  68   6.2967900e-18
  39  69   9.2123500e-21
  39  70   4.4701600e-14
  40  48   0.0000000e+00
  40  49   1.3684100e-14
  40  50   4.2009650e-12
  40  51   4.4315700e-10
  40  52   1.1930200e-04
  40  53   1.3735800e-06
  40  54   1.9547000e-04
  40  55   1.2758600e-03
  40  56   3.3795600e-03
  40  57   1.0953100e-02
  40  58   2.5804800e-02
  40  59   3.5935700e-02
  40  60   4.9897900e-02
  40  61   2.7953100e-02
  40  62   1.7861200e-02
  40  63   5.0020900e-03
  40  64   8.3009600e-04
  40  65   1.1614800e-03
  40  66   1.6844000e-08
  40  67   1.5619000e-09
  40  68   3.1081100e-12
  40  69   3.8627000e-09
  40  70   9.3142300e-11
  40  71   2.1067200e-14
  40  72   8.9174300e-16
  41  49   0.0000000e+00
  41  50   0.0000000e+00
  41  51   7.8421900e-14
  41  52   4.4806900e-11
  41  53   2.4764700e-09
  41  54   1.3114280e-06
  41  55   5.4542400e-06
  41  56   1.3237550e-04
  41  57   1.5459620e-03
  41  58   4.3771690e-03
  41  59   6.3951900e-03
  41  60   1.9213900e-02
  41  61   1.5831280e-02
  41  62   1.4140800e-02
  41  63   5.7196500e-03
  41  64   1.3898600e-03
  41  65   1.5779200e-04
  41  66   2.3199000e-05
  41  67   9.0235500e-07
  41  68   4.8488100e-06
  41  69   1.5340000e-07
  41  70   8.0236300e-10
  41  71   2.4969500e-11
  41  72   1.2930300e-14
  41  73   3.7533800e-16
  41  74   0.0000000e+00
  42  50   0.0000000e+00
  42  51   0.0000000e+00
  42  52   3.0078500e-14
  42  53   4.9529300e-12
  42  54   5.3439500e-10
  42  55   2.4965100e-08
  42  56   9.6050700e-07
  42  57   4.2929100e-04
  42  58   7.3145900e-04
  42  59   1.8634100e-03
  42  60   6.5248000e-03
  42  61   1.0396400e-02
  42  62   1.1304800e-02
  42  63   6.6981100e-03
  42  64   3.6015500e-03
  42  65   1.2176800e-03
  42  66   3.0285100e-04
  42  67   1.5568600e-04
  42  68   3.8971800e-05
  42  69   2.2851700e-06
  42  70   9.6727600e-08
  42  71   1.1173200e-09
  42  72   4.4114800e-11
  42  73   2.3746800e-14
  42  74   0.0000000e+00
  42  75   2.3284800e-16
  43  52   0.0000000e+00
  43  53   0.0000000e+00
  43  54   1.7646060e-13
  43  55   8.9132600e-09
  43  56   1.5229690e-09
  43  57   5.6046200e-08
  43  58   1.6142200e-06
  43  59   1.9160020e-04
  43  60   8.2389100e-04
  43  61   9.2881500e-04
  43  62   4.8588900e-04
  43  63   2.6839000e-04
  43  64   2.2491700e-04
  43  65   2.3830200e-04
  43  66   1.3480100e-04
  43  67   1.1670500e-04
  43  68   4.5027500e-05
  43  69   6.8779600e-06
  43  70   1.4025500e-06
  43  71   7.0283400e-08
  43  72   9.0441800e-10
  43  73   6.3265100e-11
  43  74   8.8682200e-12
  43  75   5.9030400e-15
  43  76   7.5998200e-17
  43  77   0.0000000e+00
  44  54   0.0000000e+00
  44  55   1.1028800e-14
  44  56   2.1255500e-12
  44  57   1.6242400e-10
  44  58   9.7855400e-09
  44  59   2.2723140e-07
  44  60   3.2785600e-06
  44  61   1.1129000e-09
  44  62   9.0937400e-09
  44  63   4.9529300e-08
  44  64   1.6743700e-07
  44  65   1.7174800e-05
  44  66   9.9118700e-05
  44  67   1.1857000e-04
  44  68   9.9479700e-05
  44  69   5.6385940e-05
  44  70   1.7305200e-05
  44  71   2.5758300e-06
  44  72   2.4664400e-07
  44  73   2.5257100e-08
  44  74   6.9380500e-10
  44  75   6.5670600e-12
  44  76   3.0379300e-12
  44  77   3.7907200e-15
  44  78   0.0000000e+00
  44  79   0.0000000e+00
  44  80   0.0000000e+00
  45  55   0.0000000e+00
  45  56   6.1448400e-14
  45  57   1.0667850e-11
  45  58   4.9208430e-12
  45  59   1.9641280e-10
  45  60   0.0000000e+00
  45  61   0.0000000e+00
  45  62   0.0000000e+00
  45  63   0.0000000e+00
  45  64   4.1307700e-08
  45  65   1.1329570e-06
  45  66   8.8230300e-06
  45  67   3.1601613e-05
  45  68   6.8609100e-05
  45  69   5.9445040e-05
  45  70   3.6384900e-05
  45  71   1.6687328e-05
  45  72   4.6621700e-06
  45  73   3.6395000e-07
  45  74   1.8648700e-08
  45  75   2.3962500e-08
  45  76   1.4437300e-10
  45  77   2.8574600e-12
  45  78   8.5423000e-14
  45  79   1.0427300e-14
  45  80   0.0000000e+00
  45  81   0.0000000e+00
  45  82   0.0000000e+00
  45  83   0.0000000e+00
  46  56   0.0000000e+00
  46  57   0.0000000e+00
  46  58   0.0000000e+00
  46  59   0.0000000e+00
  46  60   0.0000000e+00
  46  61   0.0000000e+00
  46  62   0.0000000e+00
  46  63   8.4219800e-12
  46  64   2.1556300e-09
  46  65   7.2790000e-08
  46  66   1.2833500e-06
  46  67   1.1215040e-05
  46  68   4.1668800e-05
  46  69   7.6073130e-05
  46  70   6.8338400e-05
  46  71   7.7544900e-05
  46  72   3.1863200e-05
  46  73   4.3613800e-06
  46  74   2.7170900e-05
  46  75   4.7423800e-07
  46  76   4.7824800e-08
  46  77   4.0004400e-09
  46  78   2.7371500e-09
  46  79   0.0000000e+00
  46  80   0.0000000e+00
  46  81   0.0000000e+00
  46  82   1.3435100e-14
  46  83   0.0000000e+00
  46  84   6.8077700e-13
  46  85   0.0000000e+00
  47  58   0.0000000e+00
  47  59   0.0000000e+00
  47  60   0.0000000e+00
  47  61   0.0000000e+00
  47  62   0.0000000e+00
  47  63   1.6024600e-14
  47  64   9.5449100e-12
  47  65   8.3116900e-09
  47  66   4.1728840e-08
  47  67   1.0871770e-06
  47  68   1.5670830e-05
  47  69   4.7674940e-05
  47  70   3.0459410e-05
  47  71   6.4257800e-05
  47  72   6.6553300e-05
  47  73   8.7729000e-06
  47  74   2.5847500e-05
  47  75   6.6974700e-06
  47  76   2.7572000e-06
  47  77   5.5344500e-06
  47  78   1.6643400e-11
  47  79   4.7624300e-12
  47  80   1.5841400e-12
  47  81   1.1229300e-13
  47  82   2.9264400e-17
  47  83   6.6774300e-08
  47  84   1.5987500e-09
  47  85   0.0000000e+00
  47  86   0.0000000e+00
  48  60   0.0000000e+00
  48  61   0.0000000e+00
  48  62   0.0000000e+00
  48  63   0.0000000e+00
  48  64   1.0627800e-11
  48  65   1.1299500e-11
  48  66   7.6700200e-10
  48  67   6.4468300e-08
  48  68   3.0078500e-07
  48  69   4.8626900e-06
  48  70   1.7194900e-05
  48  71   4.7082900e-05
  48  72   8.4109600e-05
  48  73   7.2579400e-05
  48  74   1.1962300e-04
  48  75   5.4498980e-05
  48  76   1.2174700e-04
  48  77   5.1203540e-06
  48  78   8.1001400e-05
  48  79   8.1763400e-05
  48  80   3.5623000e-05
  48  81   7.2589500e-09
  48  82   8.8033800e-04
  48  83   4.2871000e-07
  48  84   1.5230200e-08
  48  85   4.5014800e-11
  48  86   9.3544200e-13
  48  87   0.0000000e+00
  48  88   0.0000000e+00
  49  61   0.0000000e+00
  49  62   0.0000000e+00
  49  63   0.0000000e+00
  49  64   0.0000000e+00
  49  65   0.0000000e+00
  49  66   2.0172650e-12
  49  67   7.7201600e-11
  49  68   4.5308250e-09
  49  69   6.7676600e-08
  49  70   4.8917730e-06
  49  71   6.3164800e-06
  49  72   2.8033240e-05
  49  73   2.5205780e-05
  49  74   4.1728930e-05
  49  75   3.3998700e-05
  49  76   9.4707300e-05
  49  77   3.3046200e-05
  49  78   4.2561320e-04
  49  79   2.6364900e-04
  49  80   4.4699140e-04
  49  81   9.4362000e-05
  49  82   1.5823460e-04
  49  83   6.2433000e-05
  49  84   1.7144300e-06
  49  85   3.4790800e-08
  49  86   7.2749500e-11
  49  87   1.6844000e-12
  49  88   2.1581200e-12
  49  89   0.0000000e+00
  50  63   0.0000000e+00
  50  64   0.0000000e+00
  50  65   0.0000000e+00
  50  66   0.0000000e+00
  50  67   5.0030500e-13
  50  68   4.1107300e-11
  50  69   1.4838760e-09
  50  70   3.0078500e-08
  50  71   3.8691100e-06
  50  72   3.6595500e-06
  50  73   1.1169150e-05
  50  74   1.0719900e-04
  50  75   1.9050780e-04
  50  76   4.4589400e-04
  50  77   9.4842600e-04
  50  78   3.0178890e-03
  50  79   4.2731700e-03
  50  80   1.0873930e-02
  50  81   8.8336800e-03
  50  82   5.9341500e-03
  50  83   1.3809000e-03
  50  84   1.7740300e-04
  50  85   6.2863300e-06
  50  86   1.5741100e-07
  50  87   1.8648500e-07
  50  88   3.2986100e-11
  50  89   3.6854200e-13
  50  90   0.0000000e+00
  51  65   0.0000000e+00
  51  66   0.0000000e+00
  51  67   0.0000000e+00
  51  68   3.9001900e-14
  51  69   2.2087710e-12
  51  70   3.5392400e-11
  51  71   4.8343670e-09
  51  72   5.1835300e-08
  51  73   1.0056230e-07
  51  74   2.7471700e-07
  51  75   2.3762000e-05
  51  76   7.1085600e-05
  51  77   1.7078560e-04
  51  78   6.4107800e-04
  51  79   5.7279700e-03
  51  80   1.6551300e-02
  51  81   2.1720670e-02
  51  82   2.2626200e-02
  51  83   7.1842200e-03
  51  84   1.4552700e-03
  51  85   1.1520100e-04
  51  86   7.4530500e-04
  51  87   3.9302600e-07
  51  88   1.4036200e-08
  51  89   1.4427500e-09
  51  90   3.7604800e-12
  51  91   1.7657900e-13
  51  92   0.0000000e+00
  52  67   0.0000000e+00
  52  68   0.0000000e+00
  52  69   0.0000000e+00
  52  70   6.1159700e-13
  52  71   2.2398450e-11
  52  72   3.4289500e-09
  52  73   2.9958220e-13
  52  74   8.2715900e-12
  52  75   3.4309600e-10
  52  76   1.7245000e-06
  52  77   1.9781620e-07
  52  78   5.8027500e-04
  52  79   3.3120920e-03
  52  80   1.5349500e-02
  52  81   4.1452900e-02
  52  82   6.2322100e-02
  52  83   3.2248200e-02
  52  84   1.3208700e-02
  52  85   3.9344100e-03
  52  86   6.6360200e-04
  52  87   6.6814400e-05
  52  88   1.6957200e-04
  52  89   3.2494600e-07
  52  90   2.0754000e-08
  52  91   4.8940600e-12
  52  92   5.5916400e-13
  52  93   0.0000000e+00
  53  69   0.0000000e+00
  53  70   0.0000000e+00
  53  71   0.0000000e+00
  53  72   0.0000000e+00
  53  73   1.7044500e-12
  53  74   0.0000000e+00
  53  75   1.0427300e-08
  53  76   0.0000000e+00
  53  77   2.2217980e-06
  53  78   3.9262400e-05
  53  79   1.8310740e-04
  53  80   1.6546840e-03
  53  81   8.6674300e-03
  53  82   2.9352400e-02
  53  83   2.5775180e-02
  53  84   2.6294100e-02
  53  85   1.4279500e-02
  53  86   7.7350300e-03
  53  87   1.3711700e-03
  53  88   4.0790000e-04
  53  89   5.8723300e-05
  53  90   1.8639500e-07
  53  91   1.5657100e-08
  53  92   8.3076000e-12
  53  93   9.0422300e-13
  53  94   2.0689600e-13
  53  95   0.0000000e+00
  54  71   0.0000000e+00
  54  72   0.0000000e+00
  54  73   0.0000000e+00
  54  74   8.3518000e-13
  54  75   0.0000000e+00
  54  76   1.9751500e-10
  54  77   4.9128200e-09
  54  78   3.5648040e-07
  54  79   2.5586840e-05
  54  80   3.5255100e-04
  54  81   2.5732400e-03
  54  82   2.1983100e-02
  54  83   3.2027900e-02
  54  84   4.8270700e-02
  54  85   4.3349000e-02
  54  86   3.5151800e-02
  54  87   1.2224200e-02
  54  88   4.3534000e-03
  54  89   5.3085900e-04
  54  90   6.0652700e-05
  54  91   7.1786500e-07
  54  92   1.0627700e-07
  54  93   1.7878000e-08
  54  94   1.1028800e-11
  54  95   9.5449200e-14
  54  96   0.0000000e+00
  55  73   0.0000000e+00
  55  74   0.0000000e+00
  55  75   0.0000000e+00
  55  76   2.5466500e-14
  55  77   7.3993200e-10
  55  78   7.9407300e-09
  55  79   7.7301800e-08
  55  80   4.9228500e-06
  55  81   5.5524900e-05
  55  82   6.0160100e-04
  55  83   4.6782300e-03
  55  84   1.3093700e-02
  55  85   2.0754400e-02
  55  86   2.9229700e-02
  55  87   2.2842500e-02
  55  88   1.4067200e-02
  55  89   4.1880400e-03
  55  90   7.5822000e-04
  55  91   7.6610000e-05
  55  92   2.2442100e-05
  55  93   1.3134300e-07
  55  94   3.6352700e-09
  55  95   1.9952100e-11
  55  96   9.4944800e-14
  55  97   1.2710300e-15
  56  75   0.0000000e+00
  56  76   0.0000000e+00
  56  77   5.7095500e-16
  56  78   5.2737700e-12
  56  79   7.6600000e-10
  56  80   4.7423700e-08
  56  81   1.8779070e-06
  56  82   4.1267700e-05
  56  83   6.8952900e-04
  56  84   4.8967300e-03
  56  85   1.6639500e-02
  56  86   3.0223300e-02
  56  87   4.1114200e-02
  56  88   3.9854600e-02
  56  89   1.8712300e-02
  56  90   9.1628300e-03
  56  91   2.4429300e-03
  56  92   2.2244000e-04
  56  93   1.0353400e-05
  56  94   5.0331400e-07
  56  95   8.2042500e-09
  56  96   1.4938800e-10
  56  97   3.7380700e-13
  56  98   0.0000000e+00
  57  76   0.0000000e+00
  57  77   0.0000000e+00
  57  78   0.0000000e+00
  57  79   0.0000000e+00
  57  80   6.9481400e-11
  57  81   3.1883300e-07
  57  82   2.2759400e-07
  57  83   5.2296500e-05
  57  84   1.8540400e-04
  57  85   9.6776600e-04
  57  86   3.8049800e-03
  57  87   1.0726200e-02
  57  88   1.9201200e-02
  57  89   1.4938870e-02
  57  90   6.4499400e-03
  57  91   3.3718900e-03
  57  92   8.0090100e-04
  57  93   1.0450300e-04
  57  94   1.0298700e-05
  57  95   4.5418600e-07
  57  96   1.4236800e-08
  57  97   1.4638200e-10
  57  98   2.9587100e-13
  57  99   4.8879200e-15
  57 100   5.3256800e-17
  58  77   0.0000000e+00
  58  78   0.0000000e+00
  58  79   0.0000000e+00
  58  80   4.2576600e-13
  58  81   9.9259100e-12
  58  82   1.1530100e-09
  58  83   5.0030600e-08
  58  84   1.7646100e-06
  58  85   3.1419000e-04
  58  86   3.4638500e-04
  58  87   8.5667700e-04
  58  88   5.8449900e-03
  58  89   1.0006500e-02
  58  90   1.2388000e-02
  58  91   6.9978500e-03
  58  92   3.9281700e-03
  58  93   9.2579000e-04
  58  94   2.0591700e-04
  58  95   1.7094600e-05
  58  96   9.1438700e-07
  58  97   2.5566400e-08
  58  98   5.7449500e-10
  58  99   4.6019600e-12
  58 100   3.8801300e-14
  58 101   1.2846300e-16
  58 102   0.0000000e+00
  59  79   0.0000000e+00
  59  80   0.0000000e+00
  59  81   0.0000000e+00
  59  82   4.7022800e-13
  59  83   4.6421300e-11
  59  84   4.5117700e-09
  59  85   1.4267290e-07
  59  86   3.3387100e-06
  59  87   3.6334800e-05
  59  88   3.6051200e-03
  59  89   7.7930500e-04
  59  90   2.9761400e-03
  59  91   2.1892500e-03
  59  92   2.3920100e-03
  59  93   1.0283000e-03
  59  94   3.6843200e-04
  59  95   5.0341500e-05
  59  96   6.7476100e-06
  59  97   4.0806500e-07
  59  98   1.6543100e-08
  59  99   3.7598100e-10
  59 100   4.8926500e-12
  59 101   2.8273800e-14
  59 102   7.1473200e-17
  59 103   2.9685800e-19
  60  81   0.0000000e+00
  60  82   0.0000000e+00
  60  83   4.8125600e-14
  60  84   9.5950400e-11
  60  85   5.5645300e-10
  60  86   3.1983400e-08
  60  87   6.7375900e-07
  60  88   9.9559900e-06
  60  89   6.8258200e-05
  60  90   3.2810700e-04
  60  91   7.9725100e-04
  60  92   1.4136300e-03
  60  93   1.1124500e-03
  60  94   5.8177900e-04
  60  95   1.7584900e-04
  60  96   4.7143100e-05
  60  97   4.8627000e-06
  60  98   5.2035800e-07
  60  99   1.7746300e-08
  60 100   5.0531900e-10
  60 101   6.1760500e-12
  60 102   3.4890700e-14
  60 103   0.0000000e+00
  60 104   0.0000000e+00
  61  83   0.0000000e+00
  61  84   0.0000000e+00
  61  85   4.5117800e-12
  61  86   2.4965100e-11
  61  87   1.2582850e-10
  61  88   3.8801300e-08
  61  89   3.0078500e-07
  61  90   6.4368100e-06
  61  91   2.7912890e-05
  61  92   8.8240300e-05
  61  93   1.0856350e-04
  61  94   1.2643000e-04
  61  95   7.0824900e-05
  61  96   2.9416800e-05
  61  97   7.0784800e-06
  61  98   1.0627800e-06
  61  99   7.5697600e-08
  61 100   4.4115200e-09
  61 101   6.8178000e-11
  61 102   1.8247600e-12
  61 103   1.6643400e-14
  61 104   3.2487700e-16
  61 105   5.4850500e-19
  62  84   0.0000000e+00
  62  85   0.0000000e+00
  62  86   1.6442900e-14
  62  87   1.7144800e-12
  62  88   1.2231900e-10
  62  89   4.7624300e-09
  62  90   9.6752600e-08
  62  91   8.6513900e-07
  62  92   4.7423800e-06
  62  93   1.3134300e-05
  62  94   3.0389400e-05
  62  95   2.6739800e-05
  62  96   2.4042800e-05
  62  97   7.4394200e-06
  62  98   2.1155200e-06
  62  99   2.8374100e-07
  62 100   2.0353200e-08
  62 101   1.3735800e-09
  62 102   6.0558000e-11
  62 103   2.5566700e-12
  62 104   6.4467700e-14
  62 105   1.3693200e-15
  62 106   0.0000000e+00
  63  86   0.0000000e+00
  63  87   0.0000000e+00
  63  88   2.4965100e-12
  63  89   2.7271190e-12
  63  90   2.3361000e-09
  63  91   1.9450760e-09
  63  92   2.6368800e-08
  63  93   1.6242400e-07
  63  94   6.3666200e-07
  63  95   1.2833500e-06
  63  96   1.5640800e-06
  63  97   9.0536300e-07
  63  98   4.5518800e-07
  63  99   7.0083000e-08
  63 100   1.9450700e-08
  63 101   2.0152600e-09
  63 102   3.8801300e-10
  63 103   2.5065400e-11
  63 104   2.2458600e-12
  63 105   2.8574600e-14
  63 106   9.1777700e-16
  63 107   4.4913300e-18
  64  87   0.0000000e+00
  64  88   0.0000000e+00
  64  89   0.0000000e+00
  64  90   1.1229300e-13
  64  91   3.5118000e-13
  64  92   1.4337400e-10
  64  93   1.4838800e-09
  64  94   1.4838800e-08
  64  95   3.7197100e-08
  64  96   1.0126400e-07
  64  97   1.1129000e-07
  64  98   6.8077700e-08
  64  99   3.8199700e-08
  64 100   1.4938900e-08
  64 101   6.1560700e-09
  64 102   1.6643400e-09
  64 103   3.6896300e-10
  64 104   2.1857100e-11
  64 105   1.1931200e-12
  64 106   2.6870100e-14
  64 107   9.3692300e-16
  64 108   1.1249000e-17
  65  89   0.0000000e+00
  65  90   0.0000000e+00
  65  91   0.0000000e+00
  65  92   4.9429000e-14
  65  93   1.6533207e-12
  65  94   1.7044500e-11
  65  95   2.8474300e-10
  65  96   5.9756000e-10
  65  97   9.0636600e-10
  65  98   2.1456000e-09
  65  99   1.8047100e-09
  65 100   2.8173500e-09
  65 101   1.5440300e-09
  65 102   1.3435100e-09
  65 103   1.7345300e-10
  65 104   4.0806500e-11
  65 105   2.2458600e-12
  65 106   2.9276400e-13
  65 107   1.0527500e-14
  66  91   0.0000000e+00
  66  92   0.0000000e+00
  66  93   0.0000000e+00
  66  94   1.9350500e-14
  66  95   2.5165700e-13
  66  96   2.0353200e-12
  66  97   1.2432400e-11
  66  98   4.7925100e-11
  66  99   1.7635990e-10
  66 100   3.9904200e-10
  66 101   7.5296600e-10
  66 102   3.6495200e-10
  66 103   1.7445600e-10
  66 104   3.7397700e-11
  66 105   1.0928500e-11
  66 106   1.7746300e-12
  67  93   0.0000000e+00
  67  94   0.0000000e+00
  67  95   0.0000000e+00
  67  96   2.0850860e-15
  67  97   1.9662630e-14
  67  98   2.0553700e-13
  67  99   1.3475180e-12
  67 100   1.0327000e-11
  67 101   1.2416780e-11
  67 102   2.2358300e-11
  67 103   9.8858000e-12
  67 104   1.0728000e-11
  67 105   3.6996600e-12
  68  95   0.0000000e+00
  68  96   0.0000000e+00
  68  97   0.0000000e+00
  68  98   5.4930800e-16
  68  99   1.1610780e-14
  68 100   6.8077700e-14
  68 101   3.2785600e-13
  68 102   6.4368100e-13
  68 103   1.5841400e-12
  68 104   2.2057500e-12
  69  97   0.0000000e+00
  69  98   0.0000000e+00
  69  99   0.0000000e+00
  69 100   1.2182900e-16
  69 101   6.7220200e-16
  69 102   6.6458000e-15
  69 103   1.6844000e-14
  70  98   0.0000000e+00
  70  99   0.0000000e+00
  70 100   0.0000000e+00
  70 101   1.0856590e-18
  70 102   2.3661600e-17
  71 101   0.0000000e+00
