# 3D Plot Data for U-235 Neutron-induced Fission Yields at 0.0253 (eV)
# JENDL FP Fission Yields Data File 2011 (FPY-2011)
# *) Raw Data
# [Cumulative]
#  Z   N   Fission Yield
  23  43   2.0558300e-19
  24  42   2.4163100e-14
  24  43   4.3361700e-15
  24  44   3.6116100e-16
  24  45   2.1138600e-18
  24  46   0.0000000e+00
  25  41   7.2430000e-12
  25  42   5.3984200e-12
  25  43   6.6810400e-13
  25  44   8.0510100e-14
  25  45   7.5722100e-15
  25  46   0.0000000e+00
  25  47   6.0992400e-18
  25  48   6.4279400e-19
  26  40   3.8422700e-10
  26  41   6.9419600e-10
  26  42   3.9369400e-10
  26  43   1.2239900e-10
  26  44   3.2492400e-11
  26  45   4.9328700e-12
  26  46   7.1687100e-13
  26  47   5.5544900e-14
  26  48   0.0000000e+00
  26  49   1.0029600e-16
  26  50   0.0000000e+00
  27  39   6.6596200e-10
  27  40   2.6994300e-09
  27  41   4.0730700e-09
  27  42   3.3809000e-09
  27  43   2.1961530e-09
  27  44   1.4888100e-09
  27  45   5.8223500e-10
  27  46   2.2163400e-10
  27  47   3.0078500e-11
  27  48   3.8199700e-12
  27  49   2.5366200e-13
  27  50   6.5439700e-15
  27  51   4.2907900e-16
  28  38   7.5360700e-10
  28  39   3.5761000e-09
  28  40   8.3037800e-09
  28  41   1.3661730e-08
  28  42   3.0267800e-08
  28  43   4.4884500e-08
  28  44   7.6808200e-08
  28  45   7.1646200e-08
  28  46   4.5951400e-08
  28  47   1.5342500e-08
  28  48   5.0333200e-09
  28  49   5.6547300e-10
  28  50   5.0431600e-11
  28  51   0.0000000e+00
  28  52   1.5640800e-14
  28  53   0.0000000e+00
  28  54   0.0000000e+00
  29  37   7.5375000e-10
  29  38   3.5858100e-09
  29  39   8.4712079e-09
  29  40   1.4804700e-08
  29  41   4.0286550e-08
  29  42   7.9775500e-08
  29  43   2.0421000e-07
  29  44   5.4409900e-07
  29  45   7.2969200e-07
  29  46   1.0279500e-06
  29  47   7.2723800e-07
  29  48   4.4645900e-07
  29  49   1.0933000e-07
  29  50   1.3173800e-08
  29  51   5.2639000e-10
  29  52   0.0000000e+00
  29  53   1.4838800e-12
  29  54   7.3329600e-15
  29  55   0.0000000e+00
  30  36   7.5375000e-10
  30  37   3.5858200e-09
  30  38   8.4096300e-09
  30  39   1.4828449e-08
  30  40   3.7324900e-08
  30  41   8.3855400e-08
  30  42   2.6552800e-07
  30  43   1.0559790e-06
  30  44   3.2827200e-06
  30  45   8.6956000e-06
  30  46   1.9207700e-05
  30  47   2.9633980e-05
  30  48   3.5788800e-05
  30  49   1.6438900e-05
  30  50   2.4267400e-06
  30  51   3.7949200e-07
  30  52   1.0828300e-07
  30  53   6.3365400e-10
  30  54   1.2231900e-08
  30  55   1.5478800e-13
  30  56   2.2859700e-12
  31  36   0.0000000e+00
  31  37   0.0000000e+00
  31  38   1.4817800e-08
  31  39   1.4738500e-13
  31  40   8.3856600e-08
  31  41   2.7513644e-07
  31  42   1.0681100e-06
  31  43   5.6314000e-06
  31  44   1.0630600e-05
  31  45   2.9695100e-05
  31  46   6.9072300e-05
  31  47   1.3909200e-04
  31  48   1.8778700e-04
  31  49   1.1980800e-04
  31  50   8.2363400e-05
  31  51   6.2873900e-05
  31  52   1.9285700e-06
  31  53   1.1097900e-04
  31  54   5.8953900e-09
  31  55   3.2886100e-07
  31  56   2.5479700e-10
  31  57   4.4358100e-12
  31  58   0.0000000e+00
  32  37   0.0000000e+00
  32  38   1.4678100e-13
  32  39   7.0150000e-15
  32  40   2.6591500e-07
  32  41   2.1202300e-06
  32  42   3.4307700e-06
  32  43   1.1483334e-05
  32  44   3.0998500e-05
  32  45   8.9238600e-05
  32  46   2.0886000e-04
  32  47   4.3026300e-04
  32  48   1.1495000e-03
  32  49   1.2169420e-03
  32  50   1.3197300e-03
  32  51   5.5854600e-04
  32  52   2.2375500e-04
  32  53   2.1496200e-05
  32  54   3.6374500e-06
  32  55   2.2017300e-05
  32  56   5.2136100e-07
  32  57   4.0539700e-11
  32  58   1.1738700e-12
  32  59   6.1538400e-14
  33  39   0.0000000e+00
  33  40   0.0000000e+00
  33  41   1.6633400e-13
  33  42   1.0683200e-05
  33  43   1.6543100e-09
  33  44   7.5984400e-05
  33  45   2.1016400e-04
  33  46   4.4840900e-04
  33  47   1.2868100e-03
  33  48   1.8276300e-03
  33  49   2.8830300e-03
  33  50   3.4955100e-03
  33  51   2.1831800e-03
  33  52   1.2355900e-03
  33  53   2.0560300e-04
  33  54   5.2636600e-04
  33  55   1.4800300e-05
  33  56   1.5440200e-06
  33  57   3.2870400e-08
  33  58   2.3438000e-09
  33  59   3.5571800e-12
  33  60   2.8511100e-13
  33  61   0.0000000e+00
  33  62   0.0000000e+00
  34  40   5.6553700e-14
  34  41   0.0000000e+00
  34  42   1.6546200e-09
  34  43   7.6212372e-05
  34  44   2.1016600e-04
  34  45   8.8819600e-04
  34  46   1.2917200e-03
  34  47   2.0526770e-03
  34  48   3.2550100e-03
  34  49   5.2686300e-03
  34  50   9.2396000e-03
  34  51   9.5272700e-03
  34  52   8.5996300e-03
  34  53   7.7788400e-03
  34  54   2.6978000e-03
  34  55   4.8788200e-04
  34  56   1.2735300e-04
  34  57   6.6760700e-06
  34  58   4.1809000e-07
  34  59   2.4637000e-08
  34  60   1.7144800e-10
  34  61   6.6435600e-13
  34  62   1.2833500e-13
  35  42   0.0000000e+00
  35  43   4.9529300e-14
  35  44   4.4853601e-04
  35  45   2.6000100e-09
  35  46   1.9075700e-03
  35  47   7.0718100e-07
  35  48   5.4645300e-03
  35  49   9.5935880e-03
  35  50   1.1883800e-02
  35  51   1.3222300e-02
  35  52   2.0533200e-02
  35  53   1.6629300e-02
  35  54   1.0874300e-02
  35  55   5.6653200e-03
  35  56   2.2483800e-03
  35  57   2.6880100e-04
  35  58   3.0948100e-05
  35  59   1.6644900e-06
  35  60   2.5303300e-08
  35  61   1.9150200e-08
  35  62   3.4460300e-12
  35  63   1.3930100e-10
  35  64   0.0000000e+00
  35  65   0.0000000e+00
  36  43   0.0000000e+00
  36  44   1.3616900e-09
  36  45   1.2313790e-11
  36  46   5.4776400e-07
  36  47   1.0927530e-02
  36  48   9.5968500e-03
  36  49   1.4750860e-02
  36  50   1.4630700e-02
  36  51   2.5739800e-02
  36  52   3.4404400e-02
  36  53   4.5278200e-02
  36  54   4.8775000e-02
  36  55   3.3532300e-02
  36  56   1.6826400e-02
  36  57   4.8872300e-03
  36  58   8.7102400e-04
  36  59   7.2084900e-05
  36  60   3.7914300e-04
  36  61   2.9777700e-07
  36  62   1.6372700e-05
  36  63   1.2309000e-11
  36  64   1.1530100e-08
  36  65   4.1469100e-13
  36  66   0.0000000e+00
  37  44   0.0000000e+00
  37  45   0.0000000e+00
  37  46   2.3060200e-12
  37  47   7.7294400e-10
  37  48   1.2222700e-02
  37  49   1.0625080e-07
  37  50   2.5764900e-02
  37  51   3.4628000e-02
  37  52   4.7329100e-02
  37  53   5.7594600e-02
  37  54   5.5846900e-02
  37  55   4.8317700e-02
  37  56   3.5551200e-02
  37  57   1.6570200e-02
  37  58   7.7414400e-03
  37  59   2.0538800e-03
  37  60   3.8181700e-04
  37  61   3.9937700e-05
  37  62   4.7077000e-07
  37  63   7.5385200e-08
  37  64   1.5794400e-08
  37  65   1.4757600e-11
  37  66   2.3874700e-13
  37  67   0.0000000e+00
  37  68   0.0000000e+00
  38  45   0.0000000e+00
  38  46   1.5126200e-11
  38  47   9.1519200e-13
  38  48   6.4784800e-08
  38  49   2.5764902e-02
  38  50   3.4628800e-02
  38  51   4.7504800e-02
  38  52   5.7989300e-02
  38  53   5.8363700e-02
  38  54   5.9587200e-02
  38  55   6.2563100e-02
  38  56   6.0751900e-02
  38  57   5.2835900e-02
  38  58   3.7655100e-02
  38  59   1.7539700e-02
  38  60   8.1404700e-03
  38  61   1.3355600e-03
  38  62   8.1818600e-05
  38  63   4.4993100e-05
  38  64   1.7345200e-06
  38  65   2.0630400e-08
  38  66   1.3134300e-09
  38  67   0.0000000e+00
  38  68   0.0000000e+00
  38  69   0.0000000e+00
  39  47   0.0000000e+00
  39  48   3.5436500e-15
  39  49   4.7517300e-12
  39  50   4.7509552e-02
  39  51   5.7989453e-02
  39  52   9.2862700e-02
  39  53   6.0304000e-02
  39  54   8.5194200e-02
  39  55   6.4660700e-02
  39  56   6.3919600e-02
  39  57   6.0163100e-02
  39  58   5.3675390e-02
  39  59   3.2188700e-02
  39  60   2.0880600e-02
  39  61   8.8612630e-03
  39  62   2.8315100e-03
  39  63   1.6506584e-03
  39  64   2.5915700e-05
  39  65   5.6960700e-06
  39  66   4.6825200e-12
  39  67   4.9924900e-17
  39  68   6.2967900e-18
  39  69   9.2123500e-21
  39  70   4.4701600e-14
  40  48   0.0000000e+00
  40  49   1.3684100e-14
  40  50   5.7989400e-02
  40  51   5.8367000e-02
  40  52   6.0423300e-02
  40  53   6.3654100e-02
  40  54   6.4856100e-02
  40  55   6.5195400e-02
  40  56   6.3577500e-02
  40  57   6.1628800e-02
  40  58   5.5824900e-02
  40  59   5.6620400e-02
  40  60   5.8613200e-02
  40  61   3.0806800e-02
  40  62   1.9436900e-02
  40  63   5.0266200e-03
  40  64   8.3510900e-04
  40  65   1.1614800e-03
  40  66   1.6844000e-08
  40  67   1.5619000e-09
  40  68   3.1081100e-12
  40  69   3.8627500e-09
  40  70   9.3142300e-11
  40  71   2.1067200e-14
  40  72   8.9174300e-16
  41  49   0.0000000e+00
  41  50   0.0000000e+00
  41  51   7.8421900e-14
  41  52   1.2571680e-01
  41  53   3.4941300e-09
  41  54   6.5861657e-02
  41  55   5.4542400e-06
  41  56   1.2036410e-01
  41  57   5.7370902e-02
  41  58   6.1842300e-02
  41  59   6.5008370e-02
  41  60   5.0020700e-02
  41  61   3.5268080e-02
  41  62   1.9167500e-02
  41  63   6.5561700e-03
  41  64   2.5498300e-03
  41  65   1.5780900e-04
  41  66   2.3200500e-05
  41  67   9.0251200e-07
  41  68   4.8525200e-06
  41  69   1.5348700e-07
  41  70   8.0238400e-10
  41  71   2.4970400e-11
  41  72   1.2930300e-14
  41  73   3.7533800e-16
  41  74   0.0000000e+00
  42  50   0.0000000e+00
  42  51   0.0000000e+00
  42  52   2.4765000e-09
  42  53   6.5196700e-02
  42  54   5.4547800e-06
  42  55   6.1761200e-02
  42  56   5.7371800e-02
  42  57   6.1426900e-02
  42  58   6.5739800e-02
  42  59   5.1884100e-02
  42  60   4.1794800e-02
  42  61   2.9565500e-02
  42  62   1.7900800e-02
  42  63   9.2116900e-03
  42  64   3.7536500e-03
  42  65   1.2395500e-03
  42  66   3.0520200e-04
  42  67   1.5909600e-04
  42  68   3.9064000e-05
  42  69   2.2858000e-06
  42  70   9.6747300e-08
  42  71   1.1173200e-09
  42  72   4.4115100e-11
  42  73   2.3746800e-14
  42  74   0.0000000e+00
  42  75   2.3284800e-16
  43  52   0.0000000e+00
  43  53   0.0000000e+00
  43  54   2.0832860e-13
  43  55   8.9132600e-09
  43  56   1.1578750e-01
  43  57   5.6046200e-08
  43  58   5.1885700e-02
  43  59   4.1989513e-02
  43  60   3.0389400e-02
  43  61   1.8829600e-02
  43  62   9.6975800e-03
  43  63   4.0220400e-03
  43  64   1.4644700e-03
  43  65   5.4350700e-04
  43  66   2.9392300e-04
  43  67   1.5574700e-04
  43  68   4.7307400e-05
  43  69   6.9735600e-06
  43  70   1.4036500e-06
  43  71   7.0325600e-08
  43  72   9.0444100e-10
  43  73   6.3265100e-11
  43  74   8.8684600e-12
  43  75   5.9030400e-15
  43  76   7.5998200e-17
  43  77   0.0000000e+00
  44  54   8.9132600e-09
  44  55   6.1426900e-02
  44  56   5.6047200e-08
  44  57   5.1885700e-02
  44  58   4.1986400e-02
  44  59   3.0389807e-02
  44  60   1.8832900e-02
  44  61   9.6975800e-03
  44  62   4.0220500e-03
  44  63   1.4645200e-03
  44  64   5.4390900e-04
  44  65   3.1092500e-04
  44  66   2.5520600e-04
  44  67   1.6558000e-04
  44  68   1.0637800e-04
  44  69   6.1687100e-05
  44  70   1.7374700e-05
  44  71   2.5766200e-06
  44  72   2.4670200e-07
  44  73   2.5263900e-08
  44  74   6.9381000e-10
  44  75   6.5671400e-12
  44  76   3.0379300e-12
  44  77   3.7907200e-15
  44  78   0.0000000e+00
  44  79   0.0000000e+00
  44  80   0.0000000e+00
  45  55   0.0000000e+00
  45  56   6.1448400e-14
  45  57   1.0685270e-11
  45  58   6.0423600e-02
  45  59   3.4372700e-10
  45  60   1.2442000e-02
  45  61   4.0220500e-03
  45  62   1.4645200e-03
  45  63   5.4390900e-04
  45  64   3.1096600e-04
  45  65   2.5633853e-04
  45  66   1.7440300e-04
  45  67   1.3798000e-04
  45  68   1.2637000e-04
  45  69   7.6819800e-05
  45  70   3.8961600e-05
  45  71   1.6933970e-05
  45  72   4.6873700e-06
  45  73   3.6463700e-07
  45  74   1.8655200e-08
  45  75   2.3965500e-08
  45  76   1.4437700e-10
  45  77   2.8574600e-12
  45  78   8.5423000e-14
  45  79   1.0427300e-14
  45  80   0.0000000e+00
  45  81   0.0000000e+00
  45  82   0.0000000e+00
  45  83   0.0000000e+00
  46  56   7.0556400e-13
  46  57   0.0000000e+00
  46  58   1.9553000e-10
  46  59   9.6975800e-03
  46  60   4.0220500e-03
  46  61   1.4645200e-03
  46  62   5.4390900e-04
  46  63   3.1096601e-04
  46  64   2.5634100e-04
  46  65   1.7451053e-04
  46  66   1.3926300e-04
  46  67   1.7041920e-04
  46  68   1.1852100e-04
  46  69   1.2089860e-04
  46  70   8.5346800e-05
  46  71   1.4912360e-04
  46  72   3.2217700e-05
  46  73   4.3801400e-06
  46  74   2.7193600e-05
  46  75   4.7436700e-07
  46  76   4.7827400e-08
  46  77   4.0005300e-09
  46  78   2.7371600e-09
  46  79   0.0000000e+00
  46  80   0.0000000e+00
  46  81   0.0000000e+00
  46  82   1.3435100e-14
  46  83   0.0000000e+00
  46  84   6.8077700e-13
  46  85   0.0000000e+00
  47  58   0.0000000e+00
  47  59   0.0000000e+00
  47  60   1.4645200e-03
  47  61   0.0000000e+00
  47  62   6.2180800e-04
  47  63   1.6242535e-14
  47  64   3.4632100e-04
  47  65   1.3927100e-04
  47  66   2.2279870e-04
  47  67   1.2012514e-04
  47  68   1.4904870e-04
  47  69   1.3614028e-04
  47  70   1.1421250e-04
  47  71   1.1966490e-04
  47  72   7.0933500e-05
  47  73   3.7875690e-05
  47  74   2.6319300e-05
  47  75   6.7441100e-06
  47  76   2.7612100e-06
  47  77   5.5371700e-06
  47  78   1.6643400e-11
  47  79   4.7624300e-12
  47  80   1.5841400e-12
  47  81   1.2572800e-13
  47  82   2.9264400e-17
  47  83   6.6775000e-08
  47  84   1.5987500e-09
  47  85   0.0000000e+00
  47  86   0.0000000e+00
  48  60   0.0000000e+00
  48  61   0.0000000e+00
  48  62   1.6024000e-14
  48  63   1.7447600e-04
  48  64   1.3927100e-04
  48  65   1.3762849e-04
  48  66   1.1960900e-04
  48  67   1.3073808e-04
  48  68   1.3332300e-04
  48  69   1.1749070e-04
  48  70   1.1367000e-04
  48  71   1.1801750e-04
  48  72   1.2009900e-04
  48  73   9.8888900e-05
  48  74   1.2637200e-04
  48  75   5.7317100e-05
  48  76   1.2721300e-04
  48  77   5.1203640e-06
  48  78   8.1001500e-05
  48  79   8.1763400e-05
  48  80   3.5623000e-05
  48  81   1.9946200e-08
  48  82   8.8039300e-04
  48  83   4.2922100e-07
  48  84   1.5230200e-08
  48  85   4.5014800e-11
  48  86   9.3544200e-13
  48  87   0.0000000e+00
  48  88   0.0000000e+00
  49  61   0.0000000e+00
  49  62   0.0000000e+00
  49  63   0.0000000e+00
  49  64   1.3762700e-04
  49  65   0.0000000e+00
  49  66   2.4876800e-04
  49  67   9.7351300e-11
  49  68   1.5812310e-04
  49  69   1.1375564e-04
  49  70   1.2570690e-04
  49  71   1.2641525e-04
  49  72   1.2734210e-04
  49  73   1.5157791e-04
  49  74   9.9045900e-05
  49  75   1.6121140e-04
  49  76   9.9827700e-05
  49  77   1.1406320e-04
  49  78   5.0738880e-04
  49  79   2.9924400e-04
  49  80   4.7782450e-04
  49  81   9.4395630e-04
  49  82   1.5865790e-04
  49  83   6.2439100e-05
  49  84   1.7144600e-06
  49  85   3.4791400e-08
  49  86   7.2749500e-11
  49  87   1.6844000e-12
  49  88   2.1581200e-12
  49  89   0.0000000e+00
  50  63   0.0000000e+00
  50  64   0.0000000e+00
  50  65   1.3073800e-04
  50  66   7.7198400e-11
  50  67   1.1776090e-04
  50  68   1.1373800e-04
  50  69   1.2750933e-04
  50  70   1.2644500e-04
  50  71   1.3976840e-04
  50  72   1.5523700e-04
  50  73   1.1021510e-04
  50  74   2.6841100e-04
  50  75   2.9033500e-04
  50  76   5.6064000e-04
  50  77   1.4552120e-03
  50  78   5.5020400e-03
  50  79   4.7564300e-03
  50  80   1.1809680e-02
  50  81   8.9954400e-03
  50  82   5.9941100e-03
  50  83   1.3811800e-03
  50  84   1.7741500e-04
  50  85   6.2863500e-06
  50  86   1.5741300e-07
  50  87   1.8648500e-07
  50  88   3.2986100e-11
  50  89   3.6854200e-13
  50  90   0.0000000e+00
  51  65   0.0000000e+00
  51  66   0.0000000e+00
  51  67   0.0000000e+00
  51  68   3.9001900e-14
  51  69   2.2087710e-12
  51  70   1.3079100e-04
  51  71   1.0694690e-08
  51  72   1.1026700e-04
  51  73   1.8015740e-07
  51  74   2.9061000e-04
  51  75   1.0534963e-03
  51  76   1.5263000e-03
  51  77   3.6148580e-03
  51  78   5.4668540e-03
  51  79   1.7537650e-02
  51  80   2.5546700e-02
  51  81   2.7715870e-02
  51  82   2.4036400e-02
  51  83   7.3328000e-03
  51  84   1.4602800e-03
  51  85   1.1541900e-04
  51  86   7.4538300e-04
  51  87   3.9304800e-07
  51  88   1.4036500e-08
  51  89   1.4427500e-09
  51  90   3.7604800e-12
  51  91   1.7657900e-13
  51  92   0.0000000e+00
  52  67   0.0000000e+00
  52  68   0.0000000e+00
  52  69   0.0000000e+00
  52  70   4.7184700e-09
  52  71   3.9555700e-11
  52  72   1.0399100e-07
  52  73   3.5396300e-04
  52  74   5.8440200e-04
  52  75   1.7720890e-03
  52  76   3.4931700e-03
  52  77   6.3453500e-03
  52  78   1.8117900e-02
  52  79   2.9895380e-02
  52  80   4.3065400e-02
  52  81   7.1505600e-02
  52  82   6.9971400e-02
  52  83   3.3406100e-02
  52  84   1.3670600e-02
  52  85   4.3146600e-03
  52  86   6.6389000e-04
  52  87   6.6824100e-05
  52  88   1.6957200e-04
  52  89   3.2494700e-07
  52  90   2.0754100e-08
  52  91   4.8940600e-12
  52  92   5.5916400e-13
  52  93   0.0000000e+00
  53  69   0.0000000e+00
  53  70   0.0000000e+00
  53  71   0.0000000e+00
  53  72   0.0000000e+00
  53  73   1.7044500e-12
  53  74   1.5263000e-03
  53  75   1.0427300e-08
  53  76   5.3977100e-03
  53  77   2.7798280e-06
  53  78   2.8898100e-02
  53  79   4.3316236e-02
  53  80   7.0804440e-02
  53  81   8.2229290e-02
  53  82   6.2937600e-02
  53  83   3.9395700e-02
  53  84   3.0521600e-02
  53  85   1.4903700e-02
  53  86   7.8062600e-03
  53  87   1.5341400e-03
  53  88   4.0821100e-04
  53  89   5.8742500e-05
  53  90   1.8639900e-07
  53  91   1.5657500e-08
  53  92   8.3076000e-12
  53  93   9.0422300e-13
  53  94   2.0689600e-13
  53  95   0.0000000e+00
  54  71   0.0000000e+00
  54  72   8.0620400e-13
  54  73   0.0000000e+00
  54  74   9.7086100e-09
  54  75   5.3977100e-03
  54  76   2.2220000e-06
  54  77   2.9215982e-02
  54  78   4.3249163e-02
  54  79   6.9139700e-02
  54  80   7.9238438e-02
  54  81   7.7740900e-02
  54  82   6.3558000e-02
  54  83   6.1198800e-02
  54  84   6.3149800e-02
  54  85   5.0493900e-02
  54  86   3.6629800e-02
  54  87   1.2560500e-02
  54  88   4.3975000e-03
  54  89   5.3100900e-04
  54  90   6.0665700e-05
  54  91   7.1787100e-07
  54  92   1.0627800e-07
  54  93   1.7878100e-08
  54  94   1.1028800e-11
  54  95   9.5449200e-14
  54  96   0.0000000e+00
  55  73   0.0000000e+00
  55  74   0.0000000e+00
  55  75   0.0000000e+00
  55  76   2.5466500e-14
  55  77   7.3993200e-10
  55  78   6.7174400e-02
  55  79   1.1007780e-07
  55  80   6.5517566e-02
  55  81   6.5796900e-05
  55  82   6.1800400e-02
  55  83   7.0052420e-02
  55  84   6.3587600e-02
  55  85   5.7389800e-02
  55  86   4.1802500e-02
  55  87   2.7223900e-02
  55  88   1.4596900e-02
  55  89   4.2483400e-03
  55  90   7.5890400e-04
  55  91   7.6715600e-05
  55  92   2.2458500e-05
  55  93   1.3135300e-07
  55  94   3.6353500e-09
  55  95   1.9952100e-11
  55  96   9.4944800e-14
  55  97   1.2710300e-15
  56  75   0.0000000e+00
  56  76   1.3836700e-11
  56  77   5.7095500e-16
  56  78   7.7307100e-08
  56  79   6.5515701e-02
  56  80   7.7190800e-05
  56  81   1.2032860e-01
  56  82   6.7869600e-02
  56  83   6.4277100e-02
  56  84   6.2300700e-02
  56  85   5.8452300e-02
  56  86   5.7662100e-02
  56  87   5.5600400e-02
  56  88   4.4085800e-02
  56  89   1.9370500e-02
  56  90   9.2350600e-03
  56  91   2.4590200e-03
  56  92   2.2253900e-04
  56  93   1.0356300e-05
  56  94   5.0333000e-07
  56  95   8.2043200e-09
  56  96   1.4938900e-10
  56  97   3.7380700e-13
  56  98   0.0000000e+00
  57  76   0.0000000e+00
  57  77   0.0000000e+00
  57  78   0.0000000e+00
  57  79   0.0000000e+00
  57  80   6.9481400e-11
  57  81   3.1883300e-07
  57  82   6.4277400e-02
  57  83   6.2353000e-02
  57  84   5.8637700e-02
  57  85   5.8629900e-02
  57  86   5.9405400e-02
  57  87   5.4812000e-02
  57  88   3.8571700e-02
  57  89   2.4175390e-02
  57  90   8.9083800e-03
  57  91   3.5935800e-03
  57  92   8.1121800e-04
  57  93   1.0500200e-04
  57  94   1.0306800e-05
  57  95   4.5433100e-07
  57  96   1.4237100e-08
  57  97   1.4638200e-10
  57  98   2.9587100e-13
  57  99   4.8879200e-15
  57 100   5.3256800e-17
  58  77   0.0000000e+00
  58  78   0.0000000e+00
  58  79   0.0000000e+00
  58  80   1.0967900e-07
  58  81   1.6943530e-11
  58  82   6.2353000e-02
  58  83   5.8637800e-02
  58  84   5.8631700e-02
  58  85   5.9719600e-02
  58  86   5.5158400e-02
  58  87   3.9428300e-02
  58  88   3.0024000e-02
  58  89   1.8916600e-02
  58  90   1.5987800e-02
  58  91   7.8003000e-03
  58  92   4.0305300e-03
  58  93   9.3591500e-04
  58  94   2.0635800e-04
  58  95   1.7107800e-05
  58  96   9.1452000e-07
  58  97   2.5566700e-08
  58  98   5.7449900e-10
  58  99   4.6020100e-12
  58 100   3.8801300e-14
  58 101   1.2846300e-16
  58 102   0.0000000e+00
  59  79   0.0000000e+00
  59  80   0.0000000e+00
  59  81   0.0000000e+00
  59  82   5.8637800e-02
  59  83   7.8962500e-11
  59  84   5.9719600e-02
  59  85   5.5307456e-02
  59  86   3.9431700e-02
  59  87   3.0060400e-02
  59  88   2.2521800e-02
  59  89   1.6767078e-02
  59  90   1.0776400e-02
  59  91   6.2197800e-03
  59  92   3.3279300e-03
  59  93   1.2346600e-03
  59  94   3.8554000e-04
  59  95   5.1255900e-05
  59  96   6.7731100e-06
  59  97   4.0863500e-07
  59  98   1.6547700e-08
  59  99   3.7602000e-10
  59 100   4.8927700e-12
  59 101   2.8273800e-14
  59 102   7.1473200e-17
  59 103   2.9685800e-19
  60  81   0.0000000e+00
  60  82   4.6413800e-11
  60  83   5.9719600e-02
  60  84   5.5158500e-02
  60  85   3.9431700e-02
  60  86   3.0060400e-02
  60  87   2.2522400e-02
  60  88   1.6777100e-02
  60  89   1.0844700e-02
  60  90   6.5478900e-03
  60  91   4.1251800e-03
  60  92   2.6482800e-03
  60  93   1.4980200e-03
  60  94   6.3303500e-04
  60  95   1.8260700e-04
  60  96   4.7542900e-05
  60  97   4.8786100e-06
  60  98   5.2073400e-07
  60  99   1.7751200e-08
  60 100   5.0534700e-10
  60 101   6.1761200e-12
  60 102   3.4891000e-14
  60 103   0.0000000e+00
  60 104   0.0000000e+00
  61  83   0.0000000e+00
  61  84   0.0000000e+00
  61  85   4.5117800e-12
  61  86   2.2522400e-02
  61  87   1.2953320e-10
  61  88   1.0844700e-02
  61  89   3.0078500e-07
  61  90   4.1316200e-03
  61  91   2.6761981e-03
  61  92   1.5862600e-03
  61  93   7.4159840e-04
  61  94   3.0903700e-04
  61  95   1.1836800e-04
  61  96   3.4295400e-05
  61  97   7.5992100e-06
  61  98   1.0805300e-06
  61  99   7.6203000e-08
  61 100   4.4176900e-09
  61 101   6.8212900e-11
  61 102   1.8247600e-12
  61 103   1.6643400e-14
  61 104   3.2487700e-16
  61 105   5.4850500e-19
  62  84   1.5340000e-12
  62  85   2.2522400e-02
  62  86   1.2584500e-10
  62  87   1.0844700e-02
  62  88   3.0090800e-07
  62  89   4.1316200e-03
  62  90   2.6762900e-03
  62  91   1.5879162e-03
  62  92   7.4634100e-04
  62  93   3.2217100e-04
  62  94   1.4875700e-04
  62  95   6.1035200e-05
  62  96   3.1642000e-05
  62  97   8.5199800e-06
  62  98   2.1917000e-06
  62  99   2.8812300e-07
  62 100   2.0421400e-08
  62 101   1.3754100e-09
  62 102   6.0574700e-11
  62 103   2.5570000e-12
  62 104   6.4468300e-14
  62 105   1.3693200e-15
  62 106   0.0000000e+00
  63  86   0.0000000e+00
  63  87   0.0000000e+00
  63  88   4.1316200e-03
  63  89   3.9461390e-12
  63  90   1.5871200e-03
  63  91   2.8670460e-09
  63  92   3.2219700e-04
  63  93   1.4892000e-04
  63  94   6.1671800e-05
  63  95   3.2925300e-05
  63  96   1.0084100e-05
  63  97   3.0970700e-06
  63  98   7.4331100e-07
  63  99   9.0504400e-08
  63 100   2.0826100e-08
  63 101   2.0758400e-09
  63 102   3.9056900e-10
  63 103   2.5129700e-11
  63 104   2.2472300e-12
  63 105   2.8574600e-14
  63 106   9.1777700e-16
  63 107   4.4913300e-18
  64  87   0.0000000e+00
  64  88   8.2974300e-13
  64  89   0.0000000e+00
  64  90   1.9448400e-09
  64  91   3.2219700e-04
  64  92   1.4892000e-04
  64  93   6.1673300e-05
  64  94   3.2940200e-05
  64  95   1.0121300e-05
  64  96   3.1983300e-06
  64  97   8.5460200e-07
  64  98   1.5858200e-07
  64  99   5.9025900e-08
  64 100   1.7015200e-08
  64 101   6.5461700e-09
  64 102   1.6894700e-09
  64 103   3.7121000e-10
  64 104   2.1885700e-11
  64 105   1.1940400e-12
  64 106   2.6874600e-14
  64 107   9.3692300e-16
  64 108   1.1249000e-17
  65  89   0.0000000e+00
  65  90   0.0000000e+00
  65  91   0.0000000e+00
  65  92   4.9429000e-14
  65  93   2.7119007e-12
  65  94   1.0121300e-05
  65  95   2.8474300e-10
  65  96   8.5519900e-07
  65  97   1.5948800e-07
  65  98   6.1171500e-08
  65  99   1.8819900e-08
  65 100   9.3635300e-09
  65 101   3.2335000e-09
  65 102   1.7147200e-09
  65 103   1.9533900e-10
  65 104   4.2000500e-11
  65 105   2.2727400e-12
  65 106   2.9370100e-13
  65 107   1.0538800e-14
  66  91   0.0000000e+00
  66  92   2.7445100e-13
  66  93   0.0000000e+00
  66  94   2.8476300e-10
  66  95   8.5519900e-07
  66  96   1.5949000e-07
  66  97   6.1183900e-08
  66  98   1.8867900e-08
  66  99   1.7508300e-08
  66 100   3.6325400e-09
  66 101   2.4676900e-09
  66 102   5.6029100e-10
  66 103   2.1645600e-10
  66 104   3.9670400e-11
  66 105   1.1222200e-11
  66 106   1.7851700e-12
  67  93   0.0000000e+00
  67  94   0.0000000e+00
  67  95   0.0000000e+00
  67  96   2.3623960e-15
  67  97   3.3446100e-14
  67  98   9.5400900e-09
  67  99   3.6338946e-09
  67 100   2.4780100e-09
  67 101   5.8308900e-10
  67 102   2.3881500e-10
  67 103   4.9556150e-11
  67 104   2.1950200e-11
  67 105   5.4848200e-12
  68  95   0.0000000e+00
  68  96   7.8650600e-15
  68  97   0.0000000e+00
  68  98   3.6338900e-09
  68  99   2.7753940e-09
  68 100   5.7277600e-10
  68 101   2.3914200e-10
  68 102   5.0199900e-11
  68 103   2.3534300e-11
  68 104   7.6905800e-12
  69  97   0.0000000e+00
  69  98   0.0000000e+00
  69  99   0.0000000e+00
  69 100   2.3914200e-10
  69 101   6.7220200e-16
  69 102   2.3540900e-11
  69 103   7.7074200e-12
  70  98   0.0000000e+00
  70  99   0.0000000e+00
  70 100   6.7132200e-16
  70 101   2.3540901e-11
  70 102   7.7074400e-12
  71 101   0.0000000e+00
