# 3D Plot Data for U-235 Neutron-induced Fission Yields at 0.0253 (eV)
# JENDL FP Fission Yields Data File 2011 (FPY-2011)
# *) Raw Data
# [Independent]
#  Z   A   Fission Yield
  23  66   2.0558300e-19
  24  66   2.4162900e-14
  24  67   4.3361700e-15
  24  68   3.6116100e-16
  24  69   2.1138600e-18
  24  70   0.0000000e+00
  25  66   7.2188400e-12
  25  67   5.3940800e-12
  25  68   6.6774300e-13
  25  69   8.0508000e-14
  25  70   7.5722100e-15
  25  71   0.0000000e+00
  25  72   6.0992400e-18
  25  73   6.4279400e-19
  26  66   3.7698400e-10
  26  67   6.8879700e-10
  26  68   3.9302600e-10
  26  69   1.2231900e-10
  26  70   3.2484800e-11
  26  71   4.9328700e-12
  26  72   7.1686500e-13
  26  73   5.5544300e-14
  26  74   0.0000000e+00
  26  75   1.0029600e-16
  26  76   0.0000000e+00
  27  66   2.8173500e-10
  27  67   2.0052400e-09
  27  68   3.6793800e-09
  27  69   3.2585100e-09
  27  70   2.1636630e-09
  27  71   1.4838800e-09
  27  72   5.8151800e-10
  27  73   2.2157800e-10
  27  74   3.0078500e-11
  27  75   3.8198700e-12
  27  76   2.5366200e-13
  27  77   6.5439700e-15
  27  78   4.2907900e-16
  28  66   5.7951300e-11
  28  67   9.0636600e-10
  28  68   4.2009600e-09
  28  69   1.0256420e-08
  28  70   2.7872700e-08
  28  71   4.3613800e-08
  28  72   7.6198900e-08
  28  73   7.1486600e-08
  28  74   4.5919900e-08
  28  75   1.5340000e-08
  28  76   5.0331400e-09
  28  77   5.6547000e-10
  28  78   5.0431200e-11
  28  79   0.0000000e+00
  28  80   1.5640800e-14
  28  81   0.0000000e+00
  28  82   0.0000000e+00
  29  66   1.4337400e-13
  29  67   9.7053400e-12
  29  68   1.0537500e-10
  29  69   1.1429800e-09
  29  70   6.7533000e-09
  29  71   3.4891000e-08
  29  72   1.2733200e-07
  29  73   4.7223300e-07
  29  74   6.8378500e-07
  29  75   1.0126400e-06
  29  76   7.2213400e-07
  29  77   4.4616500e-07
  29  78   1.0928500e-07
  29  79   1.3173800e-08
  29  80   5.2637400e-10
  29  81   0.0000000e+00
  29  82   1.4838800e-12
  29  83   7.3329600e-15
  29  84   0.0000000e+00
  30  66   3.6418800e-17
  30  67   1.1007200e-14
  30  68   4.7524100e-13
  30  69   1.3114280e-11
  30  70   3.0379300e-10
  30  71   4.0716270e-09
  30  72   6.1159700e-08
  30  73   5.1149044e-07
  30  74   2.5165700e-06
  30  75   7.6900700e-06
  30  76   1.8428100e-05
  30  77   2.7694590e-05
  30  78   3.5743300e-05
  30  79   1.6432900e-05
  30  80   2.4263300e-06
  30  81   3.7949100e-07
  30  82   1.0828200e-07
  30  83   6.3364700e-10
  30  84   1.2231900e-08
  30  85   1.5478800e-13
  30  86   2.2859700e-12
  31  67   0.0000000e+00
  31  68   0.0000000e+00
  31  69   3.7504200e-15
  31  70   1.4738500e-13
  31  71   9.4145800e-12
  31  72   3.8701000e-10
  31  73   1.2131600e-08
  31  74   1.4638160e-07
  31  75   1.9350500e-06
  31  76   1.0487400e-05
  31  77   4.0926800e-05
  31  78   1.0308900e-04
  31  79   1.7153800e-04
  31  80   1.1737700e-04
  31  81   8.1994000e-05
  31  82   6.2783900e-05
  31  83   1.9250200e-06
  31  84   1.1096900e-04
  31  85   5.8952300e-09
  31  86   3.2885900e-07
  31  87   2.5479700e-10
  31  88   4.4358100e-12
  31  89   0.0000000e+00
  32  69   0.0000000e+00
  32  70   0.0000000e+00
  32  71   3.8714150e-15
  32  72   3.6495200e-13
  32  73   2.9466880e-11
  32  74   1.6743700e-09
  32  75   5.2547180e-08
  32  76   1.3034000e-06
  32  77   6.8689280e-06
  32  78   6.9601700e-05
  32  79   2.3311880e-04
  32  80   1.0209200e-03
  32  81   1.1319310e-03
  32  82   1.2680900e-03
  32  83   4.8014300e-04
  32  84   1.9045800e-04
  32  85   2.1355700e-05
  32  86   3.4465200e-06
  32  87   2.2017200e-05
  32  88   5.2135700e-07
  32  89   4.0539700e-11
  32  90   1.1738700e-12
  32  91   6.1538400e-14
  33  72   0.0000000e+00
  33  73   0.0000000e+00
  33  74   1.6633400e-13
  33  75   2.5667000e-11
  33  76   1.6543100e-09
  33  77   4.3212800e-08
  33  78   1.3034000e-06
  33  79   2.6639500e-05
  33  80   1.3731800e-04
  33  81   6.1068400e-04
  33  82   1.5627420e-03
  33  83   2.9147000e-03
  33  84   1.9792400e-03
  33  85   1.2168800e-03
  33  86   1.9976200e-04
  33  87   5.0668200e-04
  33  88   1.4367500e-05
  33  89   1.5439900e-06
  33  90   3.2869200e-08
  33  91   2.3437400e-09
  33  92   3.5571800e-12
  33  93   2.8511100e-13
  33  94   0.0000000e+00
  33  95   0.0000000e+00
  34  74   0.0000000e+00
  34  75   0.0000000e+00
  34  76   3.0479600e-13
  34  77   2.1205310e-11
  34  78   2.4764700e-09
  34  79   1.2683050e-07
  34  80   4.9027900e-06
  34  81   7.9858500e-05
  34  82   3.7198100e-04
  34  83   1.7691870e-03
  34  84   6.3264100e-03
  34  85   8.9577700e-03
  34  86   8.3808200e-03
  34  87   7.3301300e-03
  34  88   2.6859400e-03
  34  89   4.8679100e-04
  34  90   1.2732900e-04
  34  91   6.6750800e-06
  34  92   4.1808800e-07
  34  93   2.4636700e-08
  34  94   1.7144800e-10
  34  95   6.6435600e-13
  34  96   1.2833500e-13
  35  77   0.0000000e+00
  35  78   4.9529300e-14
  35  79   1.3545420e-11
  35  80   1.4848740e-09
  35  81   8.8831800e-08
  35  82   5.4742800e-07
  35  83   1.9590100e-04
  35  84   3.5399400e-04
  35  85   2.3565100e-03
  35  86   4.6070700e-03
  35  87   1.2751900e-02
  35  88   1.3911500e-02
  35  89   1.0420600e-02
  35  90   5.5403800e-03
  35  91   2.2430500e-03
  35  92   2.6843100e-04
  35  93   3.0926100e-05
  35  94   1.6643400e-06
  35  95   2.5302600e-08
  35  96   1.9150000e-08
  35  97   3.4460300e-12
  35  98   1.3930100e-10
  35  99   0.0000000e+00
  35 100   0.0000000e+00
  36  79   0.0000000e+00
  36  80   6.2663600e-14
  36  81   1.0868360e-11
  36  82   3.3587600e-10
  36  83   8.2014000e-08
  36  84   3.2585100e-06
  36  85   3.1508250e-04
  36  86   8.7457200e-04
  36  87   4.6462000e-03
  36  88   1.7368700e-02
  36  89   3.4476900e-02
  36  90   4.4087700e-02
  36  91   3.1644600e-02
  36  92   1.6625600e-02
  36  93   4.8761900e-03
  36  94   8.7048300e-04
  36  95   7.2062900e-05
  36  96   3.7912900e-04
  36  97   2.9777400e-07
  36  98   1.6372600e-05
  36  99   1.2309000e-11
  36 100   1.1530100e-08
  36 101   4.1469100e-13
  36 102   0.0000000e+00
  37  81   0.0000000e+00
  37  82   0.0000000e+00
  37  83   2.3060200e-12
  37  84   3.8785211e-10
  37  85   2.3812100e-05
  37  86   6.4668700e-08
  37  87   2.5085400e-05
  37  88   2.2361300e-04
  37  89   2.0509200e-03
  37  90   8.4751500e-03
  37  91   2.2309000e-02
  37  92   3.1401500e-02
  37  93   3.0749600e-02
  37  94   1.5706800e-02
  37  95   7.6574000e-03
  37  96   1.6887500e-03
  37  97   3.8039300e-04
  37  98   2.4711049e-05
  37  99   4.6879900e-07
  37 100   6.5815300e-08
  37 101   1.5793900e-08
  37 102   1.4757600e-11
  37 103   2.3874700e-13
  37 104   0.0000000e+00
  37 105   0.0000000e+00
  38  83   0.0000000e+00
  38  84   0.0000000e+00
  38  85   7.8705400e-13
  38  86   1.1931200e-10
  38  87   1.3244570e-08
  38  88   7.7001000e-07
  38  89   1.7566900e-04
  38  90   7.3910900e-04
  38  91   2.5115600e-03
  38  92   1.0780700e-02
  38  93   2.5766200e-02
  38  94   4.5248000e-02
  38  95   4.5494800e-02
  38  96   3.5777000e-02
  38  97   1.7253100e-02
  38  98   8.1026300e-03
  38  99   1.3351600e-03
  38 100   8.1743300e-05
  38 101   4.4981700e-05
  38 102   1.7345100e-06
  38 103   2.0630300e-08
  38 104   1.3134300e-09
  38 105   0.0000000e+00
  38 106   0.0000000e+00
  38 107   0.0000000e+00
  39  86   0.0000000e+00
  39  87   3.5436500e-15
  39  88   4.7517300e-12
  39  89   2.3260720e-09
  39  90   8.9934700e-08
  39  91   3.3086320e-06
  39  92   7.1675000e-04
  39  93   1.0896040e-03
  39  94   3.9088100e-03
  39  95   1.1083700e-02
  39  96   2.2499220e-02
  39  97   3.2475370e-02
  39  98   2.2185850e-02
  39  99   1.9545700e-02
  39 100   8.7790220e-03
  39 101   2.7874900e-03
  39 102   1.6490193e-03
  39 103   2.5897000e-05
  39 104   5.6948700e-06
  39 105   4.6825200e-12
  39 106   4.9924900e-17
  39 107   6.2967900e-18
  39 108   9.2123500e-21
  39 109   4.4701600e-14
  40  88   0.0000000e+00
  40  89   1.3684100e-14
  40  90   4.2009650e-12
  40  91   4.4315700e-10
  40  92   1.1930200e-04
  40  93   1.3735800e-06
  40  94   1.9547000e-04
  40  95   1.2758600e-03
  40  96   3.3795600e-03
  40  97   1.0953100e-02
  40  98   2.5804800e-02
  40  99   3.5935700e-02
  40 100   4.9897900e-02
  40 101   2.7953100e-02
  40 102   1.7861200e-02
  40 103   5.0020900e-03
  40 104   8.3009600e-04
  40 105   1.1614800e-03
  40 106   1.6844000e-08
  40 107   1.5619000e-09
  40 108   3.1081100e-12
  40 109   3.8627000e-09
  40 110   9.3142300e-11
  40 111   2.1067200e-14
  40 112   8.9174300e-16
  41  90   0.0000000e+00
  41  91   0.0000000e+00
  41  92   7.8421900e-14
  41  93   4.4806900e-11
  41  94   2.4764700e-09
  41  95   1.3114280e-06
  41  96   5.4542400e-06
  41  97   1.3237550e-04
  41  98   1.5459620e-03
  41  99   4.3771690e-03
  41 100   6.3951900e-03
  41 101   1.9213900e-02
  41 102   1.5831280e-02
  41 103   1.4140800e-02
  41 104   5.7196500e-03
  41 105   1.3898600e-03
  41 106   1.5779200e-04
  41 107   2.3199000e-05
  41 108   9.0235500e-07
  41 109   4.8488100e-06
  41 110   1.5340000e-07
  41 111   8.0236300e-10
  41 112   2.4969500e-11
  41 113   1.2930300e-14
  41 114   3.7533800e-16
  41 115   0.0000000e+00
  42  92   0.0000000e+00
  42  93   0.0000000e+00
  42  94   3.0078500e-14
  42  95   4.9529300e-12
  42  96   5.3439500e-10
  42  97   2.4965100e-08
  42  98   9.6050700e-07
  42  99   4.2929100e-04
  42 100   7.3145900e-04
  42 101   1.8634100e-03
  42 102   6.5248000e-03
  42 103   1.0396400e-02
  42 104   1.1304800e-02
  42 105   6.6981100e-03
  42 106   3.6015500e-03
  42 107   1.2176800e-03
  42 108   3.0285100e-04
  42 109   1.5568600e-04
  42 110   3.8971800e-05
  42 111   2.2851700e-06
  42 112   9.6727600e-08
  42 113   1.1173200e-09
  42 114   4.4114800e-11
  42 115   2.3746800e-14
  42 116   0.0000000e+00
  42 117   2.3284800e-16
  43  95   0.0000000e+00
  43  96   0.0000000e+00
  43  97   1.7646060e-13
  43  98   8.9132600e-09
  43  99   1.5229690e-09
  43 100   5.6046200e-08
  43 101   1.6142200e-06
  43 102   1.9160020e-04
  43 103   8.2389100e-04
  43 104   9.2881500e-04
  43 105   4.8588900e-04
  43 106   2.6839000e-04
  43 107   2.2491700e-04
  43 108   2.3830200e-04
  43 109   1.3480100e-04
  43 110   1.1670500e-04
  43 111   4.5027500e-05
  43 112   6.8779600e-06
  43 113   1.4025500e-06
  43 114   7.0283400e-08
  43 115   9.0441800e-10
  43 116   6.3265100e-11
  43 117   8.8682200e-12
  43 118   5.9030400e-15
  43 119   7.5998200e-17
  43 120   0.0000000e+00
  44  98   0.0000000e+00
  44  99   1.1028800e-14
  44 100   2.1255500e-12
  44 101   1.6242400e-10
  44 102   9.7855400e-09
  44 103   2.2723140e-07
  44 104   3.2785600e-06
  44 105   1.1129000e-09
  44 106   9.0937400e-09
  44 107   4.9529300e-08
  44 108   1.6743700e-07
  44 109   1.7174800e-05
  44 110   9.9118700e-05
  44 111   1.1857000e-04
  44 112   9.9479700e-05
  44 113   5.6385940e-05
  44 114   1.7305200e-05
  44 115   2.5758300e-06
  44 116   2.4664400e-07
  44 117   2.5257100e-08
  44 118   6.9380500e-10
  44 119   6.5670600e-12
  44 120   3.0379300e-12
  44 121   3.7907200e-15
  44 122   0.0000000e+00
  44 123   0.0000000e+00
  44 124   0.0000000e+00
  45 100   0.0000000e+00
  45 101   6.1448400e-14
  45 102   1.0667850e-11
  45 103   4.9208430e-12
  45 104   1.9641280e-10
  45 105   0.0000000e+00
  45 106   0.0000000e+00
  45 107   0.0000000e+00
  45 108   0.0000000e+00
  45 109   4.1307700e-08
  45 110   1.1329570e-06
  45 111   8.8230300e-06
  45 112   3.1601613e-05
  45 113   6.8609100e-05
  45 114   5.9445040e-05
  45 115   3.6384900e-05
  45 116   1.6687328e-05
  45 117   4.6621700e-06
  45 118   3.6395000e-07
  45 119   1.8648700e-08
  45 120   2.3962500e-08
  45 121   1.4437300e-10
  45 122   2.8574600e-12
  45 123   8.5423000e-14
  45 124   1.0427300e-14
  45 125   0.0000000e+00
  45 126   0.0000000e+00
  45 127   0.0000000e+00
  45 128   0.0000000e+00
  46 102   0.0000000e+00
  46 103   0.0000000e+00
  46 104   0.0000000e+00
  46 105   0.0000000e+00
  46 106   0.0000000e+00
  46 107   0.0000000e+00
  46 108   0.0000000e+00
  46 109   8.4219800e-12
  46 110   2.1556300e-09
  46 111   7.2790000e-08
  46 112   1.2833500e-06
  46 113   1.1215040e-05
  46 114   4.1668800e-05
  46 115   7.6073130e-05
  46 116   6.8338400e-05
  46 117   7.7544900e-05
  46 118   3.1863200e-05
  46 119   4.3613800e-06
  46 120   2.7170900e-05
  46 121   4.7423800e-07
  46 122   4.7824800e-08
  46 123   4.0004400e-09
  46 124   2.7371500e-09
  46 125   0.0000000e+00
  46 126   0.0000000e+00
  46 127   0.0000000e+00
  46 128   1.3435100e-14
  46 129   0.0000000e+00
  46 130   6.8077700e-13
  46 131   0.0000000e+00
  47 105   0.0000000e+00
  47 106   0.0000000e+00
  47 107   0.0000000e+00
  47 108   0.0000000e+00
  47 109   0.0000000e+00
  47 110   1.6024600e-14
  47 111   9.5449100e-12
  47 112   8.3116900e-09
  47 113   4.1728840e-08
  47 114   1.0871770e-06
  47 115   1.5670830e-05
  47 116   4.7674940e-05
  47 117   3.0459410e-05
  47 118   6.4257800e-05
  47 119   6.6553300e-05
  47 120   8.7729000e-06
  47 121   2.5847500e-05
  47 122   6.6974700e-06
  47 123   2.7572000e-06
  47 124   5.5344500e-06
  47 125   1.6643400e-11
  47 126   4.7624300e-12
  47 127   1.5841400e-12
  47 128   1.1229300e-13
  47 129   2.9264400e-17
  47 130   6.6774300e-08
  47 131   1.5987500e-09
  47 132   0.0000000e+00
  47 133   0.0000000e+00
  48 108   0.0000000e+00
  48 109   0.0000000e+00
  48 110   0.0000000e+00
  48 111   0.0000000e+00
  48 112   1.0627800e-11
  48 113   1.1299500e-11
  48 114   7.6700200e-10
  48 115   6.4468300e-08
  48 116   3.0078500e-07
  48 117   4.8626900e-06
  48 118   1.7194900e-05
  48 119   4.7082900e-05
  48 120   8.4109600e-05
  48 121   7.2579400e-05
  48 122   1.1962300e-04
  48 123   5.4498980e-05
  48 124   1.2174700e-04
  48 125   5.1203540e-06
  48 126   8.1001400e-05
  48 127   8.1763400e-05
  48 128   3.5623000e-05
  48 129   7.2589500e-09
  48 130   8.8033800e-04
  48 131   4.2871000e-07
  48 132   1.5230200e-08
  48 133   4.5014800e-11
  48 134   9.3544200e-13
  48 135   0.0000000e+00
  48 136   0.0000000e+00
  49 110   0.0000000e+00
  49 111   0.0000000e+00
  49 112   0.0000000e+00
  49 113   0.0000000e+00
  49 114   0.0000000e+00
  49 115   2.0172650e-12
  49 116   7.7201600e-11
  49 117   4.5308250e-09
  49 118   6.7676600e-08
  49 119   4.8917730e-06
  49 120   6.3164800e-06
  49 121   2.8033240e-05
  49 122   2.5205780e-05
  49 123   4.1728930e-05
  49 124   3.3998700e-05
  49 125   9.4707300e-05
  49 126   3.3046200e-05
  49 127   4.2561320e-04
  49 128   2.6364900e-04
  49 129   4.4699140e-04
  49 130   9.4362000e-05
  49 131   1.5823460e-04
  49 132   6.2433000e-05
  49 133   1.7144300e-06
  49 134   3.4790800e-08
  49 135   7.2749500e-11
  49 136   1.6844000e-12
  49 137   2.1581200e-12
  49 138   0.0000000e+00
  50 113   0.0000000e+00
  50 114   0.0000000e+00
  50 115   0.0000000e+00
  50 116   0.0000000e+00
  50 117   5.0030500e-13
  50 118   4.1107300e-11
  50 119   1.4838760e-09
  50 120   3.0078500e-08
  50 121   3.8691100e-06
  50 122   3.6595500e-06
  50 123   1.1169150e-05
  50 124   1.0719900e-04
  50 125   1.9050780e-04
  50 126   4.4589400e-04
  50 127   9.4842600e-04
  50 128   3.0178890e-03
  50 129   4.2731700e-03
  50 130   1.0873930e-02
  50 131   8.8336800e-03
  50 132   5.9341500e-03
  50 133   1.3809000e-03
  50 134   1.7740300e-04
  50 135   6.2863300e-06
  50 136   1.5741100e-07
  50 137   1.8648500e-07
  50 138   3.2986100e-11
  50 139   3.6854200e-13
  50 140   0.0000000e+00
  51 116   0.0000000e+00
  51 117   0.0000000e+00
  51 118   0.0000000e+00
  51 119   3.9001900e-14
  51 120   2.2087710e-12
  51 121   3.5392400e-11
  51 122   4.8343670e-09
  51 123   5.1835300e-08
  51 124   1.0056230e-07
  51 125   2.7471700e-07
  51 126   2.3762000e-05
  51 127   7.1085600e-05
  51 128   1.7078560e-04
  51 129   6.4107800e-04
  51 130   5.7279700e-03
  51 131   1.6551300e-02
  51 132   2.1720670e-02
  51 133   2.2626200e-02
  51 134   7.1842200e-03
  51 135   1.4552700e-03
  51 136   1.1520100e-04
  51 137   7.4530500e-04
  51 138   3.9302600e-07
  51 139   1.4036200e-08
  51 140   1.4427500e-09
  51 141   3.7604800e-12
  51 142   1.7657900e-13
  51 143   0.0000000e+00
  52 119   0.0000000e+00
  52 120   0.0000000e+00
  52 121   0.0000000e+00
  52 122   6.1159700e-13
  52 123   2.2398450e-11
  52 124   3.4289500e-09
  52 125   2.9958220e-13
  52 126   8.2715900e-12
  52 127   3.4309600e-10
  52 128   1.7245000e-06
  52 129   1.9781620e-07
  52 130   5.8027500e-04
  52 131   3.3120920e-03
  52 132   1.5349500e-02
  52 133   4.1452900e-02
  52 134   6.2322100e-02
  52 135   3.2248200e-02
  52 136   1.3208700e-02
  52 137   3.9344100e-03
  52 138   6.6360200e-04
  52 139   6.6814400e-05
  52 140   1.6957200e-04
  52 141   3.2494600e-07
  52 142   2.0754000e-08
  52 143   4.8940600e-12
  52 144   5.5916400e-13
  52 145   0.0000000e+00
  53 122   0.0000000e+00
  53 123   0.0000000e+00
  53 124   0.0000000e+00
  53 125   0.0000000e+00
  53 126   1.7044500e-12
  53 127   0.0000000e+00
  53 128   1.0427300e-08
  53 129   0.0000000e+00
  53 130   2.2217980e-06
  53 131   3.9262400e-05
  53 132   1.8310740e-04
  53 133   1.6546840e-03
  53 134   8.6674300e-03
  53 135   2.9352400e-02
  53 136   2.5775180e-02
  53 137   2.6294100e-02
  53 138   1.4279500e-02
  53 139   7.7350300e-03
  53 140   1.3711700e-03
  53 141   4.0790000e-04
  53 142   5.8723300e-05
  53 143   1.8639500e-07
  53 144   1.5657100e-08
  53 145   8.3076000e-12
  53 146   9.0422300e-13
  53 147   2.0689600e-13
  53 148   0.0000000e+00
  54 125   0.0000000e+00
  54 126   0.0000000e+00
  54 127   0.0000000e+00
  54 128   8.3518000e-13
  54 129   0.0000000e+00
  54 130   1.9751500e-10
  54 131   4.9128200e-09
  54 132   3.5648040e-07
  54 133   2.5586840e-05
  54 134   3.5255100e-04
  54 135   2.5732400e-03
  54 136   2.1983100e-02
  54 137   3.2027900e-02
  54 138   4.8270700e-02
  54 139   4.3349000e-02
  54 140   3.5151800e-02
  54 141   1.2224200e-02
  54 142   4.3534000e-03
  54 143   5.3085900e-04
  54 144   6.0652700e-05
  54 145   7.1786500e-07
  54 146   1.0627700e-07
  54 147   1.7878000e-08
  54 148   1.1028800e-11
  54 149   9.5449200e-14
  54 150   0.0000000e+00
  55 128   0.0000000e+00
  55 129   0.0000000e+00
  55 130   0.0000000e+00
  55 131   2.5466500e-14
  55 132   7.3993200e-10
  55 133   7.9407300e-09
  55 134   7.7301800e-08
  55 135   4.9228500e-06
  55 136   5.5524900e-05
  55 137   6.0160100e-04
  55 138   4.6782300e-03
  55 139   1.3093700e-02
  55 140   2.0754400e-02
  55 141   2.9229700e-02
  55 142   2.2842500e-02
  55 143   1.4067200e-02
  55 144   4.1880400e-03
  55 145   7.5822000e-04
  55 146   7.6610000e-05
  55 147   2.2442100e-05
  55 148   1.3134300e-07
  55 149   3.6352700e-09
  55 150   1.9952100e-11
  55 151   9.4944800e-14
  55 152   1.2710300e-15
  56 131   0.0000000e+00
  56 132   0.0000000e+00
  56 133   5.7095500e-16
  56 134   5.2737700e-12
  56 135   7.6600000e-10
  56 136   4.7423700e-08
  56 137   1.8779070e-06
  56 138   4.1267700e-05
  56 139   6.8952900e-04
  56 140   4.8967300e-03
  56 141   1.6639500e-02
  56 142   3.0223300e-02
  56 143   4.1114200e-02
  56 144   3.9854600e-02
  56 145   1.8712300e-02
  56 146   9.1628300e-03
  56 147   2.4429300e-03
  56 148   2.2244000e-04
  56 149   1.0353400e-05
  56 150   5.0331400e-07
  56 151   8.2042500e-09
  56 152   1.4938800e-10
  56 153   3.7380700e-13
  56 154   0.0000000e+00
  57 133   0.0000000e+00
  57 134   0.0000000e+00
  57 135   0.0000000e+00
  57 136   0.0000000e+00
  57 137   6.9481400e-11
  57 138   3.1883300e-07
  57 139   2.2759400e-07
  57 140   5.2296500e-05
  57 141   1.8540400e-04
  57 142   9.6776600e-04
  57 143   3.8049800e-03
  57 144   1.0726200e-02
  57 145   1.9201200e-02
  57 146   1.4938870e-02
  57 147   6.4499400e-03
  57 148   3.3718900e-03
  57 149   8.0090100e-04
  57 150   1.0450300e-04
  57 151   1.0298700e-05
  57 152   4.5418600e-07
  57 153   1.4236800e-08
  57 154   1.4638200e-10
  57 155   2.9587100e-13
  57 156   4.8879200e-15
  57 157   5.3256800e-17
  58 135   0.0000000e+00
  58 136   0.0000000e+00
  58 137   0.0000000e+00
  58 138   4.2576600e-13
  58 139   9.9259100e-12
  58 140   1.1530100e-09
  58 141   5.0030600e-08
  58 142   1.7646100e-06
  58 143   3.1419000e-04
  58 144   3.4638500e-04
  58 145   8.5667700e-04
  58 146   5.8449900e-03
  58 147   1.0006500e-02
  58 148   1.2388000e-02
  58 149   6.9978500e-03
  58 150   3.9281700e-03
  58 151   9.2579000e-04
  58 152   2.0591700e-04
  58 153   1.7094600e-05
  58 154   9.1438700e-07
  58 155   2.5566400e-08
  58 156   5.7449500e-10
  58 157   4.6019600e-12
  58 158   3.8801300e-14
  58 159   1.2846300e-16
  58 160   0.0000000e+00
  59 138   0.0000000e+00
  59 139   0.0000000e+00
  59 140   0.0000000e+00
  59 141   4.7022800e-13
  59 142   4.6421300e-11
  59 143   4.5117700e-09
  59 144   1.4267290e-07
  59 145   3.3387100e-06
  59 146   3.6334800e-05
  59 147   3.6051200e-03
  59 148   7.7930500e-04
  59 149   2.9761400e-03
  59 150   2.1892500e-03
  59 151   2.3920100e-03
  59 152   1.0283000e-03
  59 153   3.6843200e-04
  59 154   5.0341500e-05
  59 155   6.7476100e-06
  59 156   4.0806500e-07
  59 157   1.6543100e-08
  59 158   3.7598100e-10
  59 159   4.8926500e-12
  59 160   2.8273800e-14
  59 161   7.1473200e-17
  59 162   2.9685800e-19
  60 141   0.0000000e+00
  60 142   0.0000000e+00
  60 143   4.8125600e-14
  60 144   9.5950400e-11
  60 145   5.5645300e-10
  60 146   3.1983400e-08
  60 147   6.7375900e-07
  60 148   9.9559900e-06
  60 149   6.8258200e-05
  60 150   3.2810700e-04
  60 151   7.9725100e-04
  60 152   1.4136300e-03
  60 153   1.1124500e-03
  60 154   5.8177900e-04
  60 155   1.7584900e-04
  60 156   4.7143100e-05
  60 157   4.8627000e-06
  60 158   5.2035800e-07
  60 159   1.7746300e-08
  60 160   5.0531900e-10
  60 161   6.1760500e-12
  60 162   3.4890700e-14
  60 163   0.0000000e+00
  60 164   0.0000000e+00
  61 144   0.0000000e+00
  61 145   0.0000000e+00
  61 146   4.5117800e-12
  61 147   2.4965100e-11
  61 148   1.2582850e-10
  61 149   3.8801300e-08
  61 150   3.0078500e-07
  61 151   6.4368100e-06
  61 152   2.7912890e-05
  61 153   8.8240300e-05
  61 154   1.0856350e-04
  61 155   1.2643000e-04
  61 156   7.0824900e-05
  61 157   2.9416800e-05
  61 158   7.0784800e-06
  61 159   1.0627800e-06
  61 160   7.5697600e-08
  61 161   4.4115200e-09
  61 162   6.8178000e-11
  61 163   1.8247600e-12
  61 164   1.6643400e-14
  61 165   3.2487700e-16
  61 166   5.4850500e-19
  62 146   0.0000000e+00
  62 147   0.0000000e+00
  62 148   1.6442900e-14
  62 149   1.7144800e-12
  62 150   1.2231900e-10
  62 151   4.7624300e-09
  62 152   9.6752600e-08
  62 153   8.6513900e-07
  62 154   4.7423800e-06
  62 155   1.3134300e-05
  62 156   3.0389400e-05
  62 157   2.6739800e-05
  62 158   2.4042800e-05
  62 159   7.4394200e-06
  62 160   2.1155200e-06
  62 161   2.8374100e-07
  62 162   2.0353200e-08
  62 163   1.3735800e-09
  62 164   6.0558000e-11
  62 165   2.5566700e-12
  62 166   6.4467700e-14
  62 167   1.3693200e-15
  62 168   0.0000000e+00
  63 149   0.0000000e+00
  63 150   0.0000000e+00
  63 151   2.4965100e-12
  63 152   2.7271190e-12
  63 153   2.3361000e-09
  63 154   1.9450760e-09
  63 155   2.6368800e-08
  63 156   1.6242400e-07
  63 157   6.3666200e-07
  63 158   1.2833500e-06
  63 159   1.5640800e-06
  63 160   9.0536300e-07
  63 161   4.5518800e-07
  63 162   7.0083000e-08
  63 163   1.9450700e-08
  63 164   2.0152600e-09
  63 165   3.8801300e-10
  63 166   2.5065400e-11
  63 167   2.2458600e-12
  63 168   2.8574600e-14
  63 169   9.1777700e-16
  63 170   4.4913300e-18
  64 151   0.0000000e+00
  64 152   0.0000000e+00
  64 153   0.0000000e+00
  64 154   1.1229300e-13
  64 155   3.5118000e-13
  64 156   1.4337400e-10
  64 157   1.4838800e-09
  64 158   1.4838800e-08
  64 159   3.7197100e-08
  64 160   1.0126400e-07
  64 161   1.1129000e-07
  64 162   6.8077700e-08
  64 163   3.8199700e-08
  64 164   1.4938900e-08
  64 165   6.1560700e-09
  64 166   1.6643400e-09
  64 167   3.6896300e-10
  64 168   2.1857100e-11
  64 169   1.1931200e-12
  64 170   2.6870100e-14
  64 171   9.3692300e-16
  64 172   1.1249000e-17
  65 154   0.0000000e+00
  65 155   0.0000000e+00
  65 156   0.0000000e+00
  65 157   4.9429000e-14
  65 158   1.6533207e-12
  65 159   1.7044500e-11
  65 160   2.8474300e-10
  65 161   5.9756000e-10
  65 162   9.0636600e-10
  65 163   2.1456000e-09
  65 164   1.8047100e-09
  65 165   2.8173500e-09
  65 166   1.5440300e-09
  65 167   1.3435100e-09
  65 168   1.7345300e-10
  65 169   4.0806500e-11
  65 170   2.2458600e-12
  65 171   2.9276400e-13
  65 172   1.0527500e-14
  66 157   0.0000000e+00
  66 158   0.0000000e+00
  66 159   0.0000000e+00
  66 160   1.9350500e-14
  66 161   2.5165700e-13
  66 162   2.0353200e-12
  66 163   1.2432400e-11
  66 164   4.7925100e-11
  66 165   1.7635990e-10
  66 166   3.9904200e-10
  66 167   7.5296600e-10
  66 168   3.6495200e-10
  66 169   1.7445600e-10
  66 170   3.7397700e-11
  66 171   1.0928500e-11
  66 172   1.7746300e-12
  67 160   0.0000000e+00
  67 161   0.0000000e+00
  67 162   0.0000000e+00
  67 163   2.0850860e-15
  67 164   1.9662630e-14
  67 165   2.0553700e-13
  67 166   1.3475180e-12
  67 167   1.0327000e-11
  67 168   1.2416780e-11
  67 169   2.2358300e-11
  67 170   9.8858000e-12
  67 171   1.0728000e-11
  67 172   3.6996600e-12
  68 163   0.0000000e+00
  68 164   0.0000000e+00
  68 165   0.0000000e+00
  68 166   5.4930800e-16
  68 167   1.1610780e-14
  68 168   6.8077700e-14
  68 169   3.2785600e-13
  68 170   6.4368100e-13
  68 171   1.5841400e-12
  68 172   2.2057500e-12
  69 166   0.0000000e+00
  69 167   0.0000000e+00
  69 168   0.0000000e+00
  69 169   1.2182900e-16
  69 170   6.7220200e-16
  69 171   6.6458000e-15
  69 172   1.6844000e-14
  70 168   0.0000000e+00
  70 169   0.0000000e+00
  70 170   0.0000000e+00
  70 171   1.0856590e-18
  70 172   2.3661600e-17
  71 172   0.0000000e+00
