# 3D Plot Data for U-235 Neutron-induced Fission Yields at 0.0253 (eV)
# JENDL FP Fission Yields Data File 2011 (FPY-2011)
# *) Raw Data
# [Cumulative]
#  Z   A   Fission Yield
  23  66   2.0558300e-19
  24  66   2.4163100e-14
  24  67   4.3361700e-15
  24  68   3.6116100e-16
  24  69   2.1138600e-18
  24  70   0.0000000e+00
  25  66   7.2430000e-12
  25  67   5.3984200e-12
  25  68   6.6810400e-13
  25  69   8.0510100e-14
  25  70   7.5722100e-15
  25  71   0.0000000e+00
  25  72   6.0992400e-18
  25  73   6.4279400e-19
  26  66   3.8422700e-10
  26  67   6.9419600e-10
  26  68   3.9369400e-10
  26  69   1.2239900e-10
  26  70   3.2492400e-11
  26  71   4.9328700e-12
  26  72   7.1687100e-13
  26  73   5.5544900e-14
  26  74   0.0000000e+00
  26  75   1.0029600e-16
  26  76   0.0000000e+00
  27  66   6.6596200e-10
  27  67   2.6994300e-09
  27  68   4.0730700e-09
  27  69   3.3809000e-09
  27  70   2.1961530e-09
  27  71   1.4888100e-09
  27  72   5.8223500e-10
  27  73   2.2163400e-10
  27  74   3.0078500e-11
  27  75   3.8199700e-12
  27  76   2.5366200e-13
  27  77   6.5439700e-15
  27  78   4.2907900e-16
  28  66   7.5360700e-10
  28  67   3.5761000e-09
  28  68   8.3037800e-09
  28  69   1.3661730e-08
  28  70   3.0267800e-08
  28  71   4.4884500e-08
  28  72   7.6808200e-08
  28  73   7.1646200e-08
  28  74   4.5951400e-08
  28  75   1.5342500e-08
  28  76   5.0333200e-09
  28  77   5.6547300e-10
  28  78   5.0431600e-11
  28  79   0.0000000e+00
  28  80   1.5640800e-14
  28  81   0.0000000e+00
  28  82   0.0000000e+00
  29  66   7.5375000e-10
  29  67   3.5858100e-09
  29  68   8.4712079e-09
  29  69   1.4804700e-08
  29  70   4.0286550e-08
  29  71   7.9775500e-08
  29  72   2.0421000e-07
  29  73   5.4409900e-07
  29  74   7.2969200e-07
  29  75   1.0279500e-06
  29  76   7.2723800e-07
  29  77   4.4645900e-07
  29  78   1.0933000e-07
  29  79   1.3173800e-08
  29  80   5.2639000e-10
  29  81   0.0000000e+00
  29  82   1.4838800e-12
  29  83   7.3329600e-15
  29  84   0.0000000e+00
  30  66   7.5375000e-10
  30  67   3.5858200e-09
  30  68   8.4096300e-09
  30  69   1.4828449e-08
  30  70   3.7324900e-08
  30  71   8.3855400e-08
  30  72   2.6552800e-07
  30  73   1.0559790e-06
  30  74   3.2827200e-06
  30  75   8.6956000e-06
  30  76   1.9207700e-05
  30  77   2.9633980e-05
  30  78   3.5788800e-05
  30  79   1.6438900e-05
  30  80   2.4267400e-06
  30  81   3.7949200e-07
  30  82   1.0828300e-07
  30  83   6.3365400e-10
  30  84   1.2231900e-08
  30  85   1.5478800e-13
  30  86   2.2859700e-12
  31  67   0.0000000e+00
  31  68   0.0000000e+00
  31  69   1.4817800e-08
  31  70   1.4738500e-13
  31  71   8.3856600e-08
  31  72   2.7513644e-07
  31  73   1.0681100e-06
  31  74   5.6314000e-06
  31  75   1.0630600e-05
  31  76   2.9695100e-05
  31  77   6.9072300e-05
  31  78   1.3909200e-04
  31  79   1.8778700e-04
  31  80   1.1980800e-04
  31  81   8.2363400e-05
  31  82   6.2873900e-05
  31  83   1.9285700e-06
  31  84   1.1097900e-04
  31  85   5.8953900e-09
  31  86   3.2886100e-07
  31  87   2.5479700e-10
  31  88   4.4358100e-12
  31  89   0.0000000e+00
  32  69   0.0000000e+00
  32  70   1.4678100e-13
  32  71   7.0150000e-15
  32  72   2.6591500e-07
  32  73   2.1202300e-06
  32  74   3.4307700e-06
  32  75   1.1483334e-05
  32  76   3.0998500e-05
  32  77   8.9238600e-05
  32  78   2.0886000e-04
  32  79   4.3026300e-04
  32  80   1.1495000e-03
  32  81   1.2169420e-03
  32  82   1.3197300e-03
  32  83   5.5854600e-04
  32  84   2.2375500e-04
  32  85   2.1496200e-05
  32  86   3.6374500e-06
  32  87   2.2017300e-05
  32  88   5.2136100e-07
  32  89   4.0539700e-11
  32  90   1.1738700e-12
  32  91   6.1538400e-14
  33  72   0.0000000e+00
  33  73   0.0000000e+00
  33  74   1.6633400e-13
  33  75   1.0683200e-05
  33  76   1.6543100e-09
  33  77   7.5984400e-05
  33  78   2.1016400e-04
  33  79   4.4840900e-04
  33  80   1.2868100e-03
  33  81   1.8276300e-03
  33  82   2.8830300e-03
  33  83   3.4955100e-03
  33  84   2.1831800e-03
  33  85   1.2355900e-03
  33  86   2.0560300e-04
  33  87   5.2636600e-04
  33  88   1.4800300e-05
  33  89   1.5440200e-06
  33  90   3.2870400e-08
  33  91   2.3438000e-09
  33  92   3.5571800e-12
  33  93   2.8511100e-13
  33  94   0.0000000e+00
  33  95   0.0000000e+00
  34  74   5.6553700e-14
  34  75   0.0000000e+00
  34  76   1.6546200e-09
  34  77   7.6212372e-05
  34  78   2.1016600e-04
  34  79   8.8819600e-04
  34  80   1.2917200e-03
  34  81   2.0526770e-03
  34  82   3.2550100e-03
  34  83   5.2686300e-03
  34  84   9.2396000e-03
  34  85   9.5272700e-03
  34  86   8.5996300e-03
  34  87   7.7788400e-03
  34  88   2.6978000e-03
  34  89   4.8788200e-04
  34  90   1.2735300e-04
  34  91   6.6760700e-06
  34  92   4.1809000e-07
  34  93   2.4637000e-08
  34  94   1.7144800e-10
  34  95   6.6435600e-13
  34  96   1.2833500e-13
  35  77   0.0000000e+00
  35  78   4.9529300e-14
  35  79   4.4853601e-04
  35  80   2.6000100e-09
  35  81   1.9075700e-03
  35  82   7.0718100e-07
  35  83   5.4645300e-03
  35  84   9.5935880e-03
  35  85   1.1883800e-02
  35  86   1.3222300e-02
  35  87   2.0533200e-02
  35  88   1.6629300e-02
  35  89   1.0874300e-02
  35  90   5.6653200e-03
  35  91   2.2483800e-03
  35  92   2.6880100e-04
  35  93   3.0948100e-05
  35  94   1.6644900e-06
  35  95   2.5303300e-08
  35  96   1.9150200e-08
  35  97   3.4460300e-12
  35  98   1.3930100e-10
  35  99   0.0000000e+00
  35 100   0.0000000e+00
  36  79   0.0000000e+00
  36  80   1.3616900e-09
  36  81   1.2313790e-11
  36  82   5.4776400e-07
  36  83   1.0927530e-02
  36  84   9.5968500e-03
  36  85   1.4750860e-02
  36  86   1.4630700e-02
  36  87   2.5739800e-02
  36  88   3.4404400e-02
  36  89   4.5278200e-02
  36  90   4.8775000e-02
  36  91   3.3532300e-02
  36  92   1.6826400e-02
  36  93   4.8872300e-03
  36  94   8.7102400e-04
  36  95   7.2084900e-05
  36  96   3.7914300e-04
  36  97   2.9777700e-07
  36  98   1.6372700e-05
  36  99   1.2309000e-11
  36 100   1.1530100e-08
  36 101   4.1469100e-13
  36 102   0.0000000e+00
  37  81   0.0000000e+00
  37  82   0.0000000e+00
  37  83   2.3060200e-12
  37  84   7.7294400e-10
  37  85   1.2222700e-02
  37  86   1.0625080e-07
  37  87   2.5764900e-02
  37  88   3.4628000e-02
  37  89   4.7329100e-02
  37  90   5.7594600e-02
  37  91   5.5846900e-02
  37  92   4.8317700e-02
  37  93   3.5551200e-02
  37  94   1.6570200e-02
  37  95   7.7414400e-03
  37  96   2.0538800e-03
  37  97   3.8181700e-04
  37  98   3.9937700e-05
  37  99   4.7077000e-07
  37 100   7.5385200e-08
  37 101   1.5794400e-08
  37 102   1.4757600e-11
  37 103   2.3874700e-13
  37 104   0.0000000e+00
  37 105   0.0000000e+00
  38  83   0.0000000e+00
  38  84   1.5126200e-11
  38  85   9.1519200e-13
  38  86   6.4784800e-08
  38  87   2.5764902e-02
  38  88   3.4628800e-02
  38  89   4.7504800e-02
  38  90   5.7989300e-02
  38  91   5.8363700e-02
  38  92   5.9587200e-02
  38  93   6.2563100e-02
  38  94   6.0751900e-02
  38  95   5.2835900e-02
  38  96   3.7655100e-02
  38  97   1.7539700e-02
  38  98   8.1404700e-03
  38  99   1.3355600e-03
  38 100   8.1818600e-05
  38 101   4.4993100e-05
  38 102   1.7345200e-06
  38 103   2.0630400e-08
  38 104   1.3134300e-09
  38 105   0.0000000e+00
  38 106   0.0000000e+00
  38 107   0.0000000e+00
  39  86   0.0000000e+00
  39  87   3.5436500e-15
  39  88   4.7517300e-12
  39  89   4.7509552e-02
  39  90   5.7989453e-02
  39  91   9.2862700e-02
  39  92   6.0304000e-02
  39  93   8.5194200e-02
  39  94   6.4660700e-02
  39  95   6.3919600e-02
  39  96   6.0163100e-02
  39  97   5.3675390e-02
  39  98   3.2188700e-02
  39  99   2.0880600e-02
  39 100   8.8612630e-03
  39 101   2.8315100e-03
  39 102   1.6506584e-03
  39 103   2.5915700e-05
  39 104   5.6960700e-06
  39 105   4.6825200e-12
  39 106   4.9924900e-17
  39 107   6.2967900e-18
  39 108   9.2123500e-21
  39 109   4.4701600e-14
  40  88   0.0000000e+00
  40  89   1.3684100e-14
  40  90   5.7989400e-02
  40  91   5.8367000e-02
  40  92   6.0423300e-02
  40  93   6.3654100e-02
  40  94   6.4856100e-02
  40  95   6.5195400e-02
  40  96   6.3577500e-02
  40  97   6.1628800e-02
  40  98   5.5824900e-02
  40  99   5.6620400e-02
  40 100   5.8613200e-02
  40 101   3.0806800e-02
  40 102   1.9436900e-02
  40 103   5.0266200e-03
  40 104   8.3510900e-04
  40 105   1.1614800e-03
  40 106   1.6844000e-08
  40 107   1.5619000e-09
  40 108   3.1081100e-12
  40 109   3.8627500e-09
  40 110   9.3142300e-11
  40 111   2.1067200e-14
  40 112   8.9174300e-16
  41  90   0.0000000e+00
  41  91   0.0000000e+00
  41  92   7.8421900e-14
  41  93   1.2571680e-01
  41  94   3.4941300e-09
  41  95   6.5861657e-02
  41  96   5.4542400e-06
  41  97   1.2036410e-01
  41  98   5.7370902e-02
  41  99   6.1842300e-02
  41 100   6.5008370e-02
  41 101   5.0020700e-02
  41 102   3.5268080e-02
  41 103   1.9167500e-02
  41 104   6.5561700e-03
  41 105   2.5498300e-03
  41 106   1.5780900e-04
  41 107   2.3200500e-05
  41 108   9.0251200e-07
  41 109   4.8525200e-06
  41 110   1.5348700e-07
  41 111   8.0238400e-10
  41 112   2.4970400e-11
  41 113   1.2930300e-14
  41 114   3.7533800e-16
  41 115   0.0000000e+00
  42  92   0.0000000e+00
  42  93   0.0000000e+00
  42  94   2.4765000e-09
  42  95   6.5196700e-02
  42  96   5.4547800e-06
  42  97   6.1761200e-02
  42  98   5.7371800e-02
  42  99   6.1426900e-02
  42 100   6.5739800e-02
  42 101   5.1884100e-02
  42 102   4.1794800e-02
  42 103   2.9565500e-02
  42 104   1.7900800e-02
  42 105   9.2116900e-03
  42 106   3.7536500e-03
  42 107   1.2395500e-03
  42 108   3.0520200e-04
  42 109   1.5909600e-04
  42 110   3.9064000e-05
  42 111   2.2858000e-06
  42 112   9.6747300e-08
  42 113   1.1173200e-09
  42 114   4.4115100e-11
  42 115   2.3746800e-14
  42 116   0.0000000e+00
  42 117   2.3284800e-16
  43  95   0.0000000e+00
  43  96   0.0000000e+00
  43  97   2.0832860e-13
  43  98   8.9132600e-09
  43  99   1.1578750e-01
  43 100   5.6046200e-08
  43 101   5.1885700e-02
  43 102   4.1989513e-02
  43 103   3.0389400e-02
  43 104   1.8829600e-02
  43 105   9.6975800e-03
  43 106   4.0220400e-03
  43 107   1.4644700e-03
  43 108   5.4350700e-04
  43 109   2.9392300e-04
  43 110   1.5574700e-04
  43 111   4.7307400e-05
  43 112   6.9735600e-06
  43 113   1.4036500e-06
  43 114   7.0325600e-08
  43 115   9.0444100e-10
  43 116   6.3265100e-11
  43 117   8.8684600e-12
  43 118   5.9030400e-15
  43 119   7.5998200e-17
  43 120   0.0000000e+00
  44  98   8.9132600e-09
  44  99   6.1426900e-02
  44 100   5.6047200e-08
  44 101   5.1885700e-02
  44 102   4.1986400e-02
  44 103   3.0389807e-02
  44 104   1.8832900e-02
  44 105   9.6975800e-03
  44 106   4.0220500e-03
  44 107   1.4645200e-03
  44 108   5.4390900e-04
  44 109   3.1092500e-04
  44 110   2.5520600e-04
  44 111   1.6558000e-04
  44 112   1.0637800e-04
  44 113   6.1687100e-05
  44 114   1.7374700e-05
  44 115   2.5766200e-06
  44 116   2.4670200e-07
  44 117   2.5263900e-08
  44 118   6.9381000e-10
  44 119   6.5671400e-12
  44 120   3.0379300e-12
  44 121   3.7907200e-15
  44 122   0.0000000e+00
  44 123   0.0000000e+00
  44 124   0.0000000e+00
  45 100   0.0000000e+00
  45 101   6.1448400e-14
  45 102   1.0685270e-11
  45 103   6.0423600e-02
  45 104   3.4372700e-10
  45 105   1.2442000e-02
  45 106   4.0220500e-03
  45 107   1.4645200e-03
  45 108   5.4390900e-04
  45 109   3.1096600e-04
  45 110   2.5633853e-04
  45 111   1.7440300e-04
  45 112   1.3798000e-04
  45 113   1.2637000e-04
  45 114   7.6819800e-05
  45 115   3.8961600e-05
  45 116   1.6933970e-05
  45 117   4.6873700e-06
  45 118   3.6463700e-07
  45 119   1.8655200e-08
  45 120   2.3965500e-08
  45 121   1.4437700e-10
  45 122   2.8574600e-12
  45 123   8.5423000e-14
  45 124   1.0427300e-14
  45 125   0.0000000e+00
  45 126   0.0000000e+00
  45 127   0.0000000e+00
  45 128   0.0000000e+00
  46 102   7.0556400e-13
  46 103   0.0000000e+00
  46 104   1.9553000e-10
  46 105   9.6975800e-03
  46 106   4.0220500e-03
  46 107   1.4645200e-03
  46 108   5.4390900e-04
  46 109   3.1096601e-04
  46 110   2.5634100e-04
  46 111   1.7451053e-04
  46 112   1.3926300e-04
  46 113   1.7041920e-04
  46 114   1.1852100e-04
  46 115   1.2089860e-04
  46 116   8.5346800e-05
  46 117   1.4912360e-04
  46 118   3.2217700e-05
  46 119   4.3801400e-06
  46 120   2.7193600e-05
  46 121   4.7436700e-07
  46 122   4.7827400e-08
  46 123   4.0005300e-09
  46 124   2.7371600e-09
  46 125   0.0000000e+00
  46 126   0.0000000e+00
  46 127   0.0000000e+00
  46 128   1.3435100e-14
  46 129   0.0000000e+00
  46 130   6.8077700e-13
  46 131   0.0000000e+00
  47 105   0.0000000e+00
  47 106   0.0000000e+00
  47 107   1.4645200e-03
  47 108   0.0000000e+00
  47 109   6.2180800e-04
  47 110   1.6242535e-14
  47 111   3.4632100e-04
  47 112   1.3927100e-04
  47 113   2.2279870e-04
  47 114   1.2012514e-04
  47 115   1.4904870e-04
  47 116   1.3614028e-04
  47 117   1.1421250e-04
  47 118   1.1966490e-04
  47 119   7.0933500e-05
  47 120   3.7875690e-05
  47 121   2.6319300e-05
  47 122   6.7441100e-06
  47 123   2.7612100e-06
  47 124   5.5371700e-06
  47 125   1.6643400e-11
  47 126   4.7624300e-12
  47 127   1.5841400e-12
  47 128   1.2572800e-13
  47 129   2.9264400e-17
  47 130   6.6775000e-08
  47 131   1.5987500e-09
  47 132   0.0000000e+00
  47 133   0.0000000e+00
  48 108   0.0000000e+00
  48 109   0.0000000e+00
  48 110   1.6024000e-14
  48 111   1.7447600e-04
  48 112   1.3927100e-04
  48 113   1.3762849e-04
  48 114   1.1960900e-04
  48 115   1.3073808e-04
  48 116   1.3332300e-04
  48 117   1.1749070e-04
  48 118   1.1367000e-04
  48 119   1.1801750e-04
  48 120   1.2009900e-04
  48 121   9.8888900e-05
  48 122   1.2637200e-04
  48 123   5.7317100e-05
  48 124   1.2721300e-04
  48 125   5.1203640e-06
  48 126   8.1001500e-05
  48 127   8.1763400e-05
  48 128   3.5623000e-05
  48 129   1.9946200e-08
  48 130   8.8039300e-04
  48 131   4.2922100e-07
  48 132   1.5230200e-08
  48 133   4.5014800e-11
  48 134   9.3544200e-13
  48 135   0.0000000e+00
  48 136   0.0000000e+00
  49 110   0.0000000e+00
  49 111   0.0000000e+00
  49 112   0.0000000e+00
  49 113   1.3762700e-04
  49 114   0.0000000e+00
  49 115   2.4876800e-04
  49 116   9.7351300e-11
  49 117   1.5812310e-04
  49 118   1.1375564e-04
  49 119   1.2570690e-04
  49 120   1.2641525e-04
  49 121   1.2734210e-04
  49 122   1.5157791e-04
  49 123   9.9045900e-05
  49 124   1.6121140e-04
  49 125   9.9827700e-05
  49 126   1.1406320e-04
  49 127   5.0738880e-04
  49 128   2.9924400e-04
  49 129   4.7782450e-04
  49 130   9.4395630e-04
  49 131   1.5865790e-04
  49 132   6.2439100e-05
  49 133   1.7144600e-06
  49 134   3.4791400e-08
  49 135   7.2749500e-11
  49 136   1.6844000e-12
  49 137   2.1581200e-12
  49 138   0.0000000e+00
  50 113   0.0000000e+00
  50 114   0.0000000e+00
  50 115   1.3073800e-04
  50 116   7.7198400e-11
  50 117   1.1776090e-04
  50 118   1.1373800e-04
  50 119   1.2750933e-04
  50 120   1.2644500e-04
  50 121   1.3976840e-04
  50 122   1.5523700e-04
  50 123   1.1021510e-04
  50 124   2.6841100e-04
  50 125   2.9033500e-04
  50 126   5.6064000e-04
  50 127   1.4552120e-03
  50 128   5.5020400e-03
  50 129   4.7564300e-03
  50 130   1.1809680e-02
  50 131   8.9954400e-03
  50 132   5.9941100e-03
  50 133   1.3811800e-03
  50 134   1.7741500e-04
  50 135   6.2863500e-06
  50 136   1.5741300e-07
  50 137   1.8648500e-07
  50 138   3.2986100e-11
  50 139   3.6854200e-13
  50 140   0.0000000e+00
  51 116   0.0000000e+00
  51 117   0.0000000e+00
  51 118   0.0000000e+00
  51 119   3.9001900e-14
  51 120   2.2087710e-12
  51 121   1.3079100e-04
  51 122   1.0694690e-08
  51 123   1.1026700e-04
  51 124   1.8015740e-07
  51 125   2.9061000e-04
  51 126   1.0534963e-03
  51 127   1.5263000e-03
  51 128   3.6148580e-03
  51 129   5.4668540e-03
  51 130   1.7537650e-02
  51 131   2.5546700e-02
  51 132   2.7715870e-02
  51 133   2.4036400e-02
  51 134   7.3328000e-03
  51 135   1.4602800e-03
  51 136   1.1541900e-04
  51 137   7.4538300e-04
  51 138   3.9304800e-07
  51 139   1.4036500e-08
  51 140   1.4427500e-09
  51 141   3.7604800e-12
  51 142   1.7657900e-13
  51 143   0.0000000e+00
  52 119   0.0000000e+00
  52 120   0.0000000e+00
  52 121   0.0000000e+00
  52 122   4.7184700e-09
  52 123   3.9555700e-11
  52 124   1.0399100e-07
  52 125   3.5396300e-04
  52 126   5.8440200e-04
  52 127   1.7720890e-03
  52 128   3.4931700e-03
  52 129   6.3453500e-03
  52 130   1.8117900e-02
  52 131   2.9895380e-02
  52 132   4.3065400e-02
  52 133   7.1505600e-02
  52 134   6.9971400e-02
  52 135   3.3406100e-02
  52 136   1.3670600e-02
  52 137   4.3146600e-03
  52 138   6.6389000e-04
  52 139   6.6824100e-05
  52 140   1.6957200e-04
  52 141   3.2494700e-07
  52 142   2.0754100e-08
  52 143   4.8940600e-12
  52 144   5.5916400e-13
  52 145   0.0000000e+00
  53 122   0.0000000e+00
  53 123   0.0000000e+00
  53 124   0.0000000e+00
  53 125   0.0000000e+00
  53 126   1.7044500e-12
  53 127   1.5263000e-03
  53 128   1.0427300e-08
  53 129   5.3977100e-03
  53 130   2.7798280e-06
  53 131   2.8898100e-02
  53 132   4.3316236e-02
  53 133   7.0804440e-02
  53 134   8.2229290e-02
  53 135   6.2937600e-02
  53 136   3.9395700e-02
  53 137   3.0521600e-02
  53 138   1.4903700e-02
  53 139   7.8062600e-03
  53 140   1.5341400e-03
  53 141   4.0821100e-04
  53 142   5.8742500e-05
  53 143   1.8639900e-07
  53 144   1.5657500e-08
  53 145   8.3076000e-12
  53 146   9.0422300e-13
  53 147   2.0689600e-13
  53 148   0.0000000e+00
  54 125   0.0000000e+00
  54 126   8.0620400e-13
  54 127   0.0000000e+00
  54 128   9.7086100e-09
  54 129   5.3977100e-03
  54 130   2.2220000e-06
  54 131   2.9215982e-02
  54 132   4.3249163e-02
  54 133   6.9139700e-02
  54 134   7.9238438e-02
  54 135   7.7740900e-02
  54 136   6.3558000e-02
  54 137   6.1198800e-02
  54 138   6.3149800e-02
  54 139   5.0493900e-02
  54 140   3.6629800e-02
  54 141   1.2560500e-02
  54 142   4.3975000e-03
  54 143   5.3100900e-04
  54 144   6.0665700e-05
  54 145   7.1787100e-07
  54 146   1.0627800e-07
  54 147   1.7878100e-08
  54 148   1.1028800e-11
  54 149   9.5449200e-14
  54 150   0.0000000e+00
  55 128   0.0000000e+00
  55 129   0.0000000e+00
  55 130   0.0000000e+00
  55 131   2.5466500e-14
  55 132   7.3993200e-10
  55 133   6.7174400e-02
  55 134   1.1007780e-07
  55 135   6.5517566e-02
  55 136   6.5796900e-05
  55 137   6.1800400e-02
  55 138   7.0052420e-02
  55 139   6.3587600e-02
  55 140   5.7389800e-02
  55 141   4.1802500e-02
  55 142   2.7223900e-02
  55 143   1.4596900e-02
  55 144   4.2483400e-03
  55 145   7.5890400e-04
  55 146   7.6715600e-05
  55 147   2.2458500e-05
  55 148   1.3135300e-07
  55 149   3.6353500e-09
  55 150   1.9952100e-11
  55 151   9.4944800e-14
  55 152   1.2710300e-15
  56 131   0.0000000e+00
  56 132   1.3836700e-11
  56 133   5.7095500e-16
  56 134   7.7307100e-08
  56 135   6.5515701e-02
  56 136   7.7190800e-05
  56 137   1.2032860e-01
  56 138   6.7869600e-02
  56 139   6.4277100e-02
  56 140   6.2300700e-02
  56 141   5.8452300e-02
  56 142   5.7662100e-02
  56 143   5.5600400e-02
  56 144   4.4085800e-02
  56 145   1.9370500e-02
  56 146   9.2350600e-03
  56 147   2.4590200e-03
  56 148   2.2253900e-04
  56 149   1.0356300e-05
  56 150   5.0333000e-07
  56 151   8.2043200e-09
  56 152   1.4938900e-10
  56 153   3.7380700e-13
  56 154   0.0000000e+00
  57 133   0.0000000e+00
  57 134   0.0000000e+00
  57 135   0.0000000e+00
  57 136   0.0000000e+00
  57 137   6.9481400e-11
  57 138   3.1883300e-07
  57 139   6.4277400e-02
  57 140   6.2353000e-02
  57 141   5.8637700e-02
  57 142   5.8629900e-02
  57 143   5.9405400e-02
  57 144   5.4812000e-02
  57 145   3.8571700e-02
  57 146   2.4175390e-02
  57 147   8.9083800e-03
  57 148   3.5935800e-03
  57 149   8.1121800e-04
  57 150   1.0500200e-04
  57 151   1.0306800e-05
  57 152   4.5433100e-07
  57 153   1.4237100e-08
  57 154   1.4638200e-10
  57 155   2.9587100e-13
  57 156   4.8879200e-15
  57 157   5.3256800e-17
  58 135   0.0000000e+00
  58 136   0.0000000e+00
  58 137   0.0000000e+00
  58 138   1.0967900e-07
  58 139   1.6943530e-11
  58 140   6.2353000e-02
  58 141   5.8637800e-02
  58 142   5.8631700e-02
  58 143   5.9719600e-02
  58 144   5.5158400e-02
  58 145   3.9428300e-02
  58 146   3.0024000e-02
  58 147   1.8916600e-02
  58 148   1.5987800e-02
  58 149   7.8003000e-03
  58 150   4.0305300e-03
  58 151   9.3591500e-04
  58 152   2.0635800e-04
  58 153   1.7107800e-05
  58 154   9.1452000e-07
  58 155   2.5566700e-08
  58 156   5.7449900e-10
  58 157   4.6020100e-12
  58 158   3.8801300e-14
  58 159   1.2846300e-16
  58 160   0.0000000e+00
  59 138   0.0000000e+00
  59 139   0.0000000e+00
  59 140   0.0000000e+00
  59 141   5.8637800e-02
  59 142   7.8962500e-11
  59 143   5.9719600e-02
  59 144   5.5307456e-02
  59 145   3.9431700e-02
  59 146   3.0060400e-02
  59 147   2.2521800e-02
  59 148   1.6767078e-02
  59 149   1.0776400e-02
  59 150   6.2197800e-03
  59 151   3.3279300e-03
  59 152   1.2346600e-03
  59 153   3.8554000e-04
  59 154   5.1255900e-05
  59 155   6.7731100e-06
  59 156   4.0863500e-07
  59 157   1.6547700e-08
  59 158   3.7602000e-10
  59 159   4.8927700e-12
  59 160   2.8273800e-14
  59 161   7.1473200e-17
  59 162   2.9685800e-19
  60 141   0.0000000e+00
  60 142   4.6413800e-11
  60 143   5.9719600e-02
  60 144   5.5158500e-02
  60 145   3.9431700e-02
  60 146   3.0060400e-02
  60 147   2.2522400e-02
  60 148   1.6777100e-02
  60 149   1.0844700e-02
  60 150   6.5478900e-03
  60 151   4.1251800e-03
  60 152   2.6482800e-03
  60 153   1.4980200e-03
  60 154   6.3303500e-04
  60 155   1.8260700e-04
  60 156   4.7542900e-05
  60 157   4.8786100e-06
  60 158   5.2073400e-07
  60 159   1.7751200e-08
  60 160   5.0534700e-10
  60 161   6.1761200e-12
  60 162   3.4891000e-14
  60 163   0.0000000e+00
  60 164   0.0000000e+00
  61 144   0.0000000e+00
  61 145   0.0000000e+00
  61 146   4.5117800e-12
  61 147   2.2522400e-02
  61 148   1.2953320e-10
  61 149   1.0844700e-02
  61 150   3.0078500e-07
  61 151   4.1316200e-03
  61 152   2.6761981e-03
  61 153   1.5862600e-03
  61 154   7.4159840e-04
  61 155   3.0903700e-04
  61 156   1.1836800e-04
  61 157   3.4295400e-05
  61 158   7.5992100e-06
  61 159   1.0805300e-06
  61 160   7.6203000e-08
  61 161   4.4176900e-09
  61 162   6.8212900e-11
  61 163   1.8247600e-12
  61 164   1.6643400e-14
  61 165   3.2487700e-16
  61 166   5.4850500e-19
  62 146   1.5340000e-12
  62 147   2.2522400e-02
  62 148   1.2584500e-10
  62 149   1.0844700e-02
  62 150   3.0090800e-07
  62 151   4.1316200e-03
  62 152   2.6762900e-03
  62 153   1.5879162e-03
  62 154   7.4634100e-04
  62 155   3.2217100e-04
  62 156   1.4875700e-04
  62 157   6.1035200e-05
  62 158   3.1642000e-05
  62 159   8.5199800e-06
  62 160   2.1917000e-06
  62 161   2.8812300e-07
  62 162   2.0421400e-08
  62 163   1.3754100e-09
  62 164   6.0574700e-11
  62 165   2.5570000e-12
  62 166   6.4468300e-14
  62 167   1.3693200e-15
  62 168   0.0000000e+00
  63 149   0.0000000e+00
  63 150   0.0000000e+00
  63 151   4.1316200e-03
  63 152   3.9461390e-12
  63 153   1.5871200e-03
  63 154   2.8670460e-09
  63 155   3.2219700e-04
  63 156   1.4892000e-04
  63 157   6.1671800e-05
  63 158   3.2925300e-05
  63 159   1.0084100e-05
  63 160   3.0970700e-06
  63 161   7.4331100e-07
  63 162   9.0504400e-08
  63 163   2.0826100e-08
  63 164   2.0758400e-09
  63 165   3.9056900e-10
  63 166   2.5129700e-11
  63 167   2.2472300e-12
  63 168   2.8574600e-14
  63 169   9.1777700e-16
  63 170   4.4913300e-18
  64 151   0.0000000e+00
  64 152   8.2974300e-13
  64 153   0.0000000e+00
  64 154   1.9448400e-09
  64 155   3.2219700e-04
  64 156   1.4892000e-04
  64 157   6.1673300e-05
  64 158   3.2940200e-05
  64 159   1.0121300e-05
  64 160   3.1983300e-06
  64 161   8.5460200e-07
  64 162   1.5858200e-07
  64 163   5.9025900e-08
  64 164   1.7015200e-08
  64 165   6.5461700e-09
  64 166   1.6894700e-09
  64 167   3.7121000e-10
  64 168   2.1885700e-11
  64 169   1.1940400e-12
  64 170   2.6874600e-14
  64 171   9.3692300e-16
  64 172   1.1249000e-17
  65 154   0.0000000e+00
  65 155   0.0000000e+00
  65 156   0.0000000e+00
  65 157   4.9429000e-14
  65 158   2.7119007e-12
  65 159   1.0121300e-05
  65 160   2.8474300e-10
  65 161   8.5519900e-07
  65 162   1.5948800e-07
  65 163   6.1171500e-08
  65 164   1.8819900e-08
  65 165   9.3635300e-09
  65 166   3.2335000e-09
  65 167   1.7147200e-09
  65 168   1.9533900e-10
  65 169   4.2000500e-11
  65 170   2.2727400e-12
  65 171   2.9370100e-13
  65 172   1.0538800e-14
  66 157   0.0000000e+00
  66 158   2.7445100e-13
  66 159   0.0000000e+00
  66 160   2.8476300e-10
  66 161   8.5519900e-07
  66 162   1.5949000e-07
  66 163   6.1183900e-08
  66 164   1.8867900e-08
  66 165   1.7508300e-08
  66 166   3.6325400e-09
  66 167   2.4676900e-09
  66 168   5.6029100e-10
  66 169   2.1645600e-10
  66 170   3.9670400e-11
  66 171   1.1222200e-11
  66 172   1.7851700e-12
  67 160   0.0000000e+00
  67 161   0.0000000e+00
  67 162   0.0000000e+00
  67 163   2.3623960e-15
  67 164   3.3446100e-14
  67 165   9.5400900e-09
  67 166   3.6338946e-09
  67 167   2.4780100e-09
  67 168   5.8308900e-10
  67 169   2.3881500e-10
  67 170   4.9556150e-11
  67 171   2.1950200e-11
  67 172   5.4848200e-12
  68 163   0.0000000e+00
  68 164   7.8650600e-15
  68 165   0.0000000e+00
  68 166   3.6338900e-09
  68 167   2.7753940e-09
  68 168   5.7277600e-10
  68 169   2.3914200e-10
  68 170   5.0199900e-11
  68 171   2.3534300e-11
  68 172   7.6905800e-12
  69 166   0.0000000e+00
  69 167   0.0000000e+00
  69 168   0.0000000e+00
  69 169   2.3914200e-10
  69 170   6.7220200e-16
  69 171   2.3540900e-11
  69 172   7.7074200e-12
  70 168   0.0000000e+00
  70 169   0.0000000e+00
  70 170   6.7132200e-16
  70 171   2.3540901e-11
  70 172   7.7074400e-12
  71 172   0.0000000e+00
