# 2D Plot Data for U-233 Neutron-induced Fission Yields at 0.0253 (eV)
# JENDL FP Fission Yields Data File 2011 (FPY-2011)
# [Independent]
#      Z   Fission Yield
      23   5.1648700e-19
      24   2.8577897e-14
      25   1.6341570e-11
      26   3.0365778e-09
      27   5.7986243e-08
      28   2.1243026e-06
      29   1.6114688e-05
      30   2.3007756e-04
      31   7.0179051e-04
      32   5.8779845e-03
      33   1.3371623e-02
      34   4.3792211e-02
      35   6.2975233e-02
      36   1.7791792e-01
      37   1.2758800e-01
      38   1.9455508e-01
      39   1.2327581e-01
      40   1.5692331e-01
      41   5.3852795e-02
      42   3.6118257e-02
      43   2.9166620e-03
      44   8.1721752e-04
      45   2.7073368e-04
      46   4.1215804e-04
      47   2.8877587e-04
      48   6.9208458e-04
      49   3.8925786e-03
      50   3.8917680e-02
      51   5.2010024e-02
      52   1.6154041e-01
      53   1.0924629e-01
      54   1.8871398e-01
      55   1.2434249e-01
      56   1.8415253e-01
      57   7.3506508e-02
      58   4.5962674e-02
      59   9.5903555e-03
      60   4.8147093e-03
      61   5.4833731e-04
      62   1.5589307e-04
      63   9.5835132e-06
      64   1.0791457e-06
      65   2.3467802e-08
      66   2.0857899e-09
      67   4.1574778e-11
      68   2.6474330e-12
      69   2.4678379e-14
      70   7.2665924e-17
      71   0.0000000e+00
