# 2D Plot Data for U-233 Neutron-induced Fission Yields at 0.0253 (eV)
# JENDL FP Fission Yields Data File 2011 (FPY-2011)
# [Independent]
#      A   Fission Yield
      66   2.4992230e-09
      67   1.1180881e-08
      68   3.8697109e-08
      69   8.8126887e-08
      70   3.7706369e-07
      71   1.6162879e-06
      72   4.1616573e-06
      73   1.2552966e-05
      74   2.7049268e-05
      75   7.9697548e-05
      76   1.3815394e-04
      77   2.5511817e-04
      78   5.3739262e-04
      79   1.4328238e-03
      80   2.3335719e-03
      81   3.5958380e-03
      82   5.8573249e-03
      83   1.0123186e-02
      84   1.6348964e-02
      85   2.2837173e-02
      86   2.7899993e-02
      87   3.9857790e-02
      88   5.4515954e-02
      89   6.3629095e-02
      90   6.8272940e-02
      91   6.4830653e-02
      92   6.5145014e-02
      93   6.9387156e-02
      94   6.8665281e-02
      95   6.3550659e-02
      96   5.6717172e-02
      97   5.6200092e-02
      98   5.1538855e-02
      99   4.9180260e-02
     100   4.6457359e-02
     101   3.1669446e-02
     102   2.3988903e-02
     103   1.5710722e-02
     104   9.7746911e-03
     105   4.9659910e-03
     106   2.4594611e-03
     107   1.1437670e-03
     108   7.5631692e-04
     109   3.9321415e-04
     110   3.8672865e-04
     111   2.1570880e-04
     112   1.4343856e-04
     113   1.3154050e-04
     114   1.3688375e-04
     115   1.5580840e-04
     116   1.3715259e-04
     117   1.3677366e-04
     118   1.5396135e-04
     119   1.8202561e-04
     120   2.1799688e-04
     121   2.3049813e-04
     122   4.0917954e-04
     123   6.0078639e-04
     124   7.4521428e-04
     125   1.1679890e-03
     126   2.2562229e-03
     127   5.6276599e-03
     128   8.3454438e-03
     129   1.5727907e-02
     130   2.0888605e-02
     131   3.6003064e-02
     132   4.9467477e-02
     133   5.9420190e-02
     134   6.2920607e-02
     135   6.2543024e-02
     136   6.7884917e-02
     137   6.8305442e-02
     138   5.9123010e-02
     139   6.3163297e-02
     140   6.4160020e-02
     141   6.4722284e-02
     142   6.6566233e-02
     143   5.9611714e-02
     144   4.7196573e-02
     145   3.4424794e-02
     146   2.5826193e-02
     147   1.7360435e-02
     148   1.2994976e-02
     149   7.7739030e-03
     150   5.0503955e-03
     151   3.1150394e-03
     152   2.1334937e-03
     153   1.0356906e-03
     154   4.6626043e-04
     155   2.1400523e-04
     156   1.2777597e-04
     157   6.2946334e-05
     158   2.0521566e-05
     159   8.8483939e-06
     160   3.1609186e-06
     161   1.2141318e-06
     162   1.2698540e-07
     163   5.9191668e-08
     164   1.9490339e-08
     165   6.3130680e-09
     166   3.6695355e-09
     167   5.0772343e-10
     168   1.2969106e-10
     169   4.3987080e-11
     170   1.6172750e-11
     171   4.4636841e-12
     172   1.5069349e-12
