# 3D Plot Data for Pu-239 Neutron-induced Fission Yields at 0.0253 (eV)
# JENDL FP Fission Yields Data File 2011 (FPY-2011)
# *) Blanks or zero yields were filled with very small value, 1e-30.
# [Independent]
#  Z   N   Fission Yield
  23  36   1.0000000e-30
  23  37   1.0000000e-30
  23  38   1.0000000e-30
  23  39   1.0000000e-30
  23  40   1.0000000e-30
  23  41   1.0000000e-30
  23  42   1.0000000e-30
  23  43   1.0000000e-30
  23  44   1.0000000e-30
  23  45   1.0000000e-30
  23  46   1.0000000e-30
  23  47   1.0000000e-30
  23  48   1.0000000e-30
  23  49   1.0000000e-30
  23  50   1.0000000e-30
  23  51   1.0000000e-30
  23  52   1.0000000e-30
  23  53   1.0000000e-30
  23  54   1.0000000e-30
  23  55   1.0000000e-30
  23  56   1.0000000e-30
  23  57   1.0000000e-30
  23  58   1.0000000e-30
  23  59   1.0000000e-30
  23  60   1.0000000e-30
  23  61   1.0000000e-30
  23  62   1.0000000e-30
  23  63   1.0000000e-30
  23  64   1.0000000e-30
  23  65   1.0000000e-30
  23  66   1.0000000e-30
  23  67   1.0000000e-30
  23  68   1.0000000e-30
  23  69   1.0000000e-30
  23  70   1.0000000e-30
  23  71   1.0000000e-30
  23  72   1.0000000e-30
  23  73   1.0000000e-30
  23  74   1.0000000e-30
  23  75   1.0000000e-30
  23  76   1.0000000e-30
  23  77   1.0000000e-30
  23  78   1.0000000e-30
  23  79   1.0000000e-30
  23  80   1.0000000e-30
  23  81   1.0000000e-30
  23  82   1.0000000e-30
  23  83   1.0000000e-30
  23  84   1.0000000e-30
  23  85   1.0000000e-30
  23  86   1.0000000e-30
  23  87   1.0000000e-30
  23  88   1.0000000e-30
  23  89   1.0000000e-30
  23  90   1.0000000e-30
  23  91   1.0000000e-30
  23  92   1.0000000e-30
  23  93   1.0000000e-30
  23  94   1.0000000e-30
  23  95   1.0000000e-30
  23  96   1.0000000e-30
  23  97   1.0000000e-30
  23  98   1.0000000e-30
  23  99   1.0000000e-30
  23 100   1.0000000e-30
  23 101   1.0000000e-30
  23 102   1.0000000e-30
  23 103   1.0000000e-30
  23 104   1.0000000e-30
  23 105   1.0000000e-30
  23 106   1.0000000e-30
  23 107   1.0000000e-30
  23 108   1.0000000e-30
  24  36   1.0000000e-30
  24  37   1.0000000e-30
  24  38   1.0000000e-30
  24  39   1.0000000e-30
  24  40   1.0000000e-30
  24  41   1.0000000e-30
  24  42   4.7253900e-15
  24  43   3.4386400e-16
  24  44   1.0000000e-30
  24  45   1.9010300e-18
  24  46   1.0000000e-30
  24  47   1.0000000e-30
  24  48   1.0000000e-30
  24  49   1.0000000e-30
  24  50   1.0000000e-30
  24  51   1.0000000e-30
  24  52   1.0000000e-30
  24  53   1.0000000e-30
  24  54   1.0000000e-30
  24  55   1.0000000e-30
  24  56   1.0000000e-30
  24  57   1.0000000e-30
  24  58   1.0000000e-30
  24  59   1.0000000e-30
  24  60   1.0000000e-30
  24  61   1.0000000e-30
  24  62   1.0000000e-30
  24  63   1.0000000e-30
  24  64   1.0000000e-30
  24  65   1.0000000e-30
  24  66   1.0000000e-30
  24  67   1.0000000e-30
  24  68   1.0000000e-30
  24  69   1.0000000e-30
  24  70   1.0000000e-30
  24  71   1.0000000e-30
  24  72   1.0000000e-30
  24  73   1.0000000e-30
  24  74   1.0000000e-30
  24  75   1.0000000e-30
  24  76   1.0000000e-30
  24  77   1.0000000e-30
  24  78   1.0000000e-30
  24  79   1.0000000e-30
  24  80   1.0000000e-30
  24  81   1.0000000e-30
  24  82   1.0000000e-30
  24  83   1.0000000e-30
  24  84   1.0000000e-30
  24  85   1.0000000e-30
  24  86   1.0000000e-30
  24  87   1.0000000e-30
  24  88   1.0000000e-30
  24  89   1.0000000e-30
  24  90   1.0000000e-30
  24  91   1.0000000e-30
  24  92   1.0000000e-30
  24  93   1.0000000e-30
  24  94   1.0000000e-30
  24  95   1.0000000e-30
  24  96   1.0000000e-30
  24  97   1.0000000e-30
  24  98   1.0000000e-30
  24  99   1.0000000e-30
  24 100   1.0000000e-30
  24 101   1.0000000e-30
  24 102   1.0000000e-30
  24 103   1.0000000e-30
  24 104   1.0000000e-30
  24 105   1.0000000e-30
  24 106   1.0000000e-30
  24 107   1.0000000e-30
  24 108   1.0000000e-30
  25  36   1.0000000e-30
  25  37   1.0000000e-30
  25  38   1.0000000e-30
  25  39   1.0000000e-30
  25  40   1.0000000e-30
  25  41   3.6892100e-12
  25  42   7.5783900e-13
  25  43   1.5796600e-13
  25  44   2.6692500e-14
  25  45   1.0000000e-30
  25  46   1.0000000e-30
  25  47   9.0775400e-18
  25  48   1.0000000e-30
  25  49   1.0000000e-30
  25  50   1.0000000e-30
  25  51   1.0000000e-30
  25  52   1.0000000e-30
  25  53   1.0000000e-30
  25  54   1.0000000e-30
  25  55   1.0000000e-30
  25  56   1.0000000e-30
  25  57   1.0000000e-30
  25  58   1.0000000e-30
  25  59   1.0000000e-30
  25  60   1.0000000e-30
  25  61   1.0000000e-30
  25  62   1.0000000e-30
  25  63   1.0000000e-30
  25  64   1.0000000e-30
  25  65   1.0000000e-30
  25  66   1.0000000e-30
  25  67   1.0000000e-30
  25  68   1.0000000e-30
  25  69   1.0000000e-30
  25  70   1.0000000e-30
  25  71   1.0000000e-30
  25  72   1.0000000e-30
  25  73   1.0000000e-30
  25  74   1.0000000e-30
  25  75   1.0000000e-30
  25  76   1.0000000e-30
  25  77   1.0000000e-30
  25  78   1.0000000e-30
  25  79   1.0000000e-30
  25  80   1.0000000e-30
  25  81   1.0000000e-30
  25  82   1.0000000e-30
  25  83   1.0000000e-30
  25  84   1.0000000e-30
  25  85   1.0000000e-30
  25  86   1.0000000e-30
  25  87   1.0000000e-30
  25  88   1.0000000e-30
  25  89   1.0000000e-30
  25  90   1.0000000e-30
  25  91   1.0000000e-30
  25  92   1.0000000e-30
  25  93   1.0000000e-30
  25  94   1.0000000e-30
  25  95   1.0000000e-30
  25  96   1.0000000e-30
  25  97   1.0000000e-30
  25  98   1.0000000e-30
  25  99   1.0000000e-30
  25 100   1.0000000e-30
  25 101   1.0000000e-30
  25 102   1.0000000e-30
  25 103   1.0000000e-30
  25 104   1.0000000e-30
  25 105   1.0000000e-30
  25 106   1.0000000e-30
  25 107   1.0000000e-30
  25 108   1.0000000e-30
  26  36   1.0000000e-30
  26  37   1.0000000e-30
  26  38   1.0000000e-30
  26  39   1.0000000e-30
  26  40   3.6292300e-10
  26  41   1.8196200e-10
  26  42   1.3497100e-10
  26  43   5.8687600e-11
  26  44   1.8396100e-11
  26  45   1.8296100e-12
  26  46   2.2794200e-13
  26  47   1.0000000e-30
  26  48   1.0000000e-30
  26  49   1.0000000e-30
  26  50   1.0000000e-30
  26  51   1.0000000e-30
  26  52   1.0000000e-30
  26  53   1.0000000e-30
  26  54   1.0000000e-30
  26  55   1.0000000e-30
  26  56   1.0000000e-30
  26  57   1.0000000e-30
  26  58   1.0000000e-30
  26  59   1.0000000e-30
  26  60   1.0000000e-30
  26  61   1.0000000e-30
  26  62   1.0000000e-30
  26  63   1.0000000e-30
  26  64   1.0000000e-30
  26  65   1.0000000e-30
  26  66   1.0000000e-30
  26  67   1.0000000e-30
  26  68   1.0000000e-30
  26  69   1.0000000e-30
  26  70   1.0000000e-30
  26  71   1.0000000e-30
  26  72   1.0000000e-30
  26  73   1.0000000e-30
  26  74   1.0000000e-30
  26  75   1.0000000e-30
  26  76   1.0000000e-30
  26  77   1.0000000e-30
  26  78   1.0000000e-30
  26  79   1.0000000e-30
  26  80   1.0000000e-30
  26  81   1.0000000e-30
  26  82   1.0000000e-30
  26  83   1.0000000e-30
  26  84   1.0000000e-30
  26  85   1.0000000e-30
  26  86   1.0000000e-30
  26  87   1.0000000e-30
  26  88   1.0000000e-30
  26  89   1.0000000e-30
  26  90   1.0000000e-30
  26  91   1.0000000e-30
  26  92   1.0000000e-30
  26  93   1.0000000e-30
  26  94   1.0000000e-30
  26  95   1.0000000e-30
  26  96   1.0000000e-30
  26  97   1.0000000e-30
  26  98   1.0000000e-30
  26  99   1.0000000e-30
  26 100   1.0000000e-30
  26 101   1.0000000e-30
  26 102   1.0000000e-30
  26 103   1.0000000e-30
  26 104   1.0000000e-30
  26 105   1.0000000e-30
  26 106   1.0000000e-30
  26 107   1.0000000e-30
  26 108   1.0000000e-30
  27  36   1.0000000e-30
  27  37   1.0000000e-30
  27  38   1.0000000e-30
  27  39   1.1497600e-09
  27  40   1.8596100e-09
  27  41   3.9362400e-09
  27  42   4.6590100e-09
  27  43   3.0145400e-09
  27  44   1.2897200e-09
  27  45   4.1291200e-10
  27  46   6.7985600e-11
  27  47   7.2584600e-12
  27  48   5.4988300e-13
  27  49   2.1495400e-14
  27  50   1.6577400e-15
  27  51   1.0000000e-30
  27  52   1.0000000e-30
  27  53   1.0000000e-30
  27  54   1.0000000e-30
  27  55   1.0000000e-30
  27  56   1.0000000e-30
  27  57   1.0000000e-30
  27  58   1.0000000e-30
  27  59   1.0000000e-30
  27  60   1.0000000e-30
  27  61   1.0000000e-30
  27  62   1.0000000e-30
  27  63   1.0000000e-30
  27  64   1.0000000e-30
  27  65   1.0000000e-30
  27  66   1.0000000e-30
  27  67   1.0000000e-30
  27  68   1.0000000e-30
  27  69   1.0000000e-30
  27  70   1.0000000e-30
  27  71   1.0000000e-30
  27  72   1.0000000e-30
  27  73   1.0000000e-30
  27  74   1.0000000e-30
  27  75   1.0000000e-30
  27  76   1.0000000e-30
  27  77   1.0000000e-30
  27  78   1.0000000e-30
  27  79   1.0000000e-30
  27  80   1.0000000e-30
  27  81   1.0000000e-30
  27  82   1.0000000e-30
  27  83   1.0000000e-30
  27  84   1.0000000e-30
  27  85   1.0000000e-30
  27  86   1.0000000e-30
  27  87   1.0000000e-30
  27  88   1.0000000e-30
  27  89   1.0000000e-30
  27  90   1.0000000e-30
  27  91   1.0000000e-30
  27  92   1.0000000e-30
  27  93   1.0000000e-30
  27  94   1.0000000e-30
  27  95   1.0000000e-30
  27  96   1.0000000e-30
  27  97   1.0000000e-30
  27  98   1.0000000e-30
  27  99   1.0000000e-30
  27 100   1.0000000e-30
  27 101   1.0000000e-30
  27 102   1.0000000e-30
  27 103   1.0000000e-30
  27 104   1.0000000e-30
  27 105   1.0000000e-30
  27 106   1.0000000e-30
  27 107   1.0000000e-30
  27 108   1.0000000e-30
  28  36   1.0000000e-30
  28  37   1.0000000e-30
  28  38   6.7785600e-10
  28  39   2.2895100e-09
  28  40   1.1297600e-08
  28  41   3.2404360e-08
  28  42   9.2680400e-08
  28  43   7.4884100e-08
  28  44   8.4982000e-08
  28  45   3.4892600e-08
  28  46   1.3497100e-08
  28  47   2.6394400e-09
  28  48   3.9391600e-10
  28  49   3.4491000e-11
  28  50   2.3794900e-12
  28  51   8.0455500e-14
  28  52   1.0000000e-30
  28  53   1.0000000e-30
  28  54   1.0000000e-30
  28  55   1.0000000e-30
  28  56   1.0000000e-30
  28  57   1.0000000e-30
  28  58   1.0000000e-30
  28  59   1.0000000e-30
  28  60   1.0000000e-30
  28  61   1.0000000e-30
  28  62   1.0000000e-30
  28  63   1.0000000e-30
  28  64   1.0000000e-30
  28  65   1.0000000e-30
  28  66   1.0000000e-30
  28  67   1.0000000e-30
  28  68   1.0000000e-30
  28  69   1.0000000e-30
  28  70   1.0000000e-30
  28  71   1.0000000e-30
  28  72   1.0000000e-30
  28  73   1.0000000e-30
  28  74   1.0000000e-30
  28  75   1.0000000e-30
  28  76   1.0000000e-30
  28  77   1.0000000e-30
  28  78   1.0000000e-30
  28  79   1.0000000e-30
  28  80   1.0000000e-30
  28  81   1.0000000e-30
  28  82   1.0000000e-30
  28  83   1.0000000e-30
  28  84   1.0000000e-30
  28  85   1.0000000e-30
  28  86   1.0000000e-30
  28  87   1.0000000e-30
  28  88   1.0000000e-30
  28  89   1.0000000e-30
  28  90   1.0000000e-30
  28  91   1.0000000e-30
  28  92   1.0000000e-30
  28  93   1.0000000e-30
  28  94   1.0000000e-30
  28  95   1.0000000e-30
  28  96   1.0000000e-30
  28  97   1.0000000e-30
  28  98   1.0000000e-30
  28  99   1.0000000e-30
  28 100   1.0000000e-30
  28 101   1.0000000e-30
  28 102   1.0000000e-30
  28 103   1.0000000e-30
  28 104   1.0000000e-30
  28 105   1.0000000e-30
  28 106   1.0000000e-30
  28 107   1.0000000e-30
  28 108   1.0000000e-30
  29  36   1.0000000e-30
  29  37   1.3797000e-11
  29  38   1.5596700e-10
  29  39   1.6566490e-09
  29  40   1.6596500e-08
  29  41   9.1408700e-08
  29  42   2.1195500e-07
  29  43   5.2288900e-07
  29  44   7.1084900e-07
  29  45   6.2986600e-07
  29  46   4.4190700e-07
  29  47   1.4208250e-07
  29  48   5.4288400e-08
  29  49   9.7879200e-09
  29  50   1.1296800e-09
  29  51   7.2284600e-11
  29  52   2.7994100e-12
  29  53   3.3592900e-14
  29  54   1.0000000e-30
  29  55   1.0000000e-30
  29  56   1.0000000e-30
  29  57   1.0000000e-30
  29  58   1.0000000e-30
  29  59   1.0000000e-30
  29  60   1.0000000e-30
  29  61   1.0000000e-30
  29  62   1.0000000e-30
  29  63   1.0000000e-30
  29  64   1.0000000e-30
  29  65   1.0000000e-30
  29  66   1.0000000e-30
  29  67   1.0000000e-30
  29  68   1.0000000e-30
  29  69   1.0000000e-30
  29  70   1.0000000e-30
  29  71   1.0000000e-30
  29  72   1.0000000e-30
  29  73   1.0000000e-30
  29  74   1.0000000e-30
  29  75   1.0000000e-30
  29  76   1.0000000e-30
  29  77   1.0000000e-30
  29  78   1.0000000e-30
  29  79   1.0000000e-30
  29  80   1.0000000e-30
  29  81   1.0000000e-30
  29  82   1.0000000e-30
  29  83   1.0000000e-30
  29  84   1.0000000e-30
  29  85   1.0000000e-30
  29  86   1.0000000e-30
  29  87   1.0000000e-30
  29  88   1.0000000e-30
  29  89   1.0000000e-30
  29  90   1.0000000e-30
  29  91   1.0000000e-30
  29  92   1.0000000e-30
  29  93   1.0000000e-30
  29  94   1.0000000e-30
  29  95   1.0000000e-30
  29  96   1.0000000e-30
  29  97   1.0000000e-30
  29  98   1.0000000e-30
  29  99   1.0000000e-30
  29 100   1.0000000e-30
  29 101   1.0000000e-30
  29 102   1.0000000e-30
  29 103   1.0000000e-30
  29 104   1.0000000e-30
  29 105   1.0000000e-30
  29 106   1.0000000e-30
  29 107   1.0000000e-30
  29 108   1.0000000e-30
  30  36   3.4992600e-14
  30  37   9.9378900e-13
  30  38   3.6492300e-11
  30  39   8.6481600e-10
  30  40   1.4996800e-08
  30  41   7.6983600e-08
  30  42   5.8187700e-07
  30  43   1.7437807e-06
  30  44   4.4190700e-06
  30  45   6.8385500e-06
  30  46   8.6181700e-06
  30  47   6.1030700e-06
  30  48   4.3990700e-06
  30  49   1.2897200e-06
  30  50   3.2993000e-07
  30  51   3.5492500e-08
  30  52   1.7496300e-09
  30  53   4.9089600e-11
  30  54   1.0297800e-12
  30  55   2.0363000e-14
  30  56   1.0000000e-30
  30  57   1.0000000e-30
  30  58   1.0000000e-30
  30  59   1.0000000e-30
  30  60   1.0000000e-30
  30  61   1.0000000e-30
  30  62   1.0000000e-30
  30  63   1.0000000e-30
  30  64   1.0000000e-30
  30  65   1.0000000e-30
  30  66   1.0000000e-30
  30  67   1.0000000e-30
  30  68   1.0000000e-30
  30  69   1.0000000e-30
  30  70   1.0000000e-30
  30  71   1.0000000e-30
  30  72   1.0000000e-30
  30  73   1.0000000e-30
  30  74   1.0000000e-30
  30  75   1.0000000e-30
  30  76   1.0000000e-30
  30  77   1.0000000e-30
  30  78   1.0000000e-30
  30  79   1.0000000e-30
  30  80   1.0000000e-30
  30  81   1.0000000e-30
  30  82   1.0000000e-30
  30  83   1.0000000e-30
  30  84   1.0000000e-30
  30  85   1.0000000e-30
  30  86   1.0000000e-30
  30  87   1.0000000e-30
  30  88   1.0000000e-30
  30  89   1.0000000e-30
  30  90   1.0000000e-30
  30  91   1.0000000e-30
  30  92   1.0000000e-30
  30  93   1.0000000e-30
  30  94   1.0000000e-30
  30  95   1.0000000e-30
  30  96   1.0000000e-30
  30  97   1.0000000e-30
  30  98   1.0000000e-30
  30  99   1.0000000e-30
  30 100   1.0000000e-30
  30 101   1.0000000e-30
  30 102   1.0000000e-30
  30 103   1.0000000e-30
  30 104   1.0000000e-30
  30 105   1.0000000e-30
  30 106   1.0000000e-30
  30 107   1.0000000e-30
  30 108   1.0000000e-30
  31  36   2.9153700e-16
  31  37   2.0295600e-14
  31  38   1.7896200e-12
  31  39   7.7683500e-11
  31  40   1.3597100e-09
  31  41   2.3895000e-08
  31  42   2.2095300e-07
  31  43   1.2397330e-06
  31  44   5.8287700e-06
  31  45   1.5396700e-05
  31  46   3.7841900e-05
  31  47   5.5108300e-05
  31  48   5.4918300e-05
  31  49   3.6252400e-05
  31  50   1.5106800e-05
  31  51   2.0195800e-06
  31  52   2.2895100e-07
  31  53   1.3497100e-08
  31  54   2.8591900e-10
  31  55   1.1797500e-11
  31  56   4.4878900e-13
  31  57   1.0000000e-30
  31  58   1.0000000e-30
  31  59   1.0000000e-30
  31  60   1.0000000e-30
  31  61   1.0000000e-30
  31  62   1.0000000e-30
  31  63   1.0000000e-30
  31  64   1.0000000e-30
  31  65   1.0000000e-30
  31  66   1.0000000e-30
  31  67   1.0000000e-30
  31  68   1.0000000e-30
  31  69   1.0000000e-30
  31  70   1.0000000e-30
  31  71   1.0000000e-30
  31  72   1.0000000e-30
  31  73   1.0000000e-30
  31  74   1.0000000e-30
  31  75   1.0000000e-30
  31  76   1.0000000e-30
  31  77   1.0000000e-30
  31  78   1.0000000e-30
  31  79   1.0000000e-30
  31  80   1.0000000e-30
  31  81   1.0000000e-30
  31  82   1.0000000e-30
  31  83   1.0000000e-30
  31  84   1.0000000e-30
  31  85   1.0000000e-30
  31  86   1.0000000e-30
  31  87   1.0000000e-30
  31  88   1.0000000e-30
  31  89   1.0000000e-30
  31  90   1.0000000e-30
  31  91   1.0000000e-30
  31  92   1.0000000e-30
  31  93   1.0000000e-30
  31  94   1.0000000e-30
  31  95   1.0000000e-30
  31  96   1.0000000e-30
  31  97   1.0000000e-30
  31  98   1.0000000e-30
  31  99   1.0000000e-30
  31 100   1.0000000e-30
  31 101   1.0000000e-30
  31 102   1.0000000e-30
  31 103   1.0000000e-30
  31 104   1.0000000e-30
  31 105   1.0000000e-30
  31 106   1.0000000e-30
  31 107   1.0000000e-30
  31 108   1.0000000e-30
  32  36   1.0000000e-30
  32  37   1.0000000e-30
  32  38   4.5490300e-14
  32  39   1.9995800e-12
  32  40   1.2897200e-10
  32  41   2.9613680e-09
  32  42   5.5988100e-08
  32  43   6.0567240e-07
  32  44   5.1189200e-06
  32  45   2.6684320e-05
  32  46   1.1814500e-04
  32  47   2.9754670e-04
  32  48   5.4876300e-04
  32  49   4.8095200e-04
  32  50   2.7096300e-04
  32  51   8.0372900e-05
  32  52   1.8546100e-05
  32  53   1.0797700e-06
  32  54   1.7496300e-07
  32  55   9.3375700e-09
  32  56   2.7194300e-10
  32  57   3.2395800e-12
  32  58   8.4659900e-13
  32  59   1.0000000e-30
  32  60   1.0000000e-30
  32  61   1.0000000e-30
  32  62   1.0000000e-30
  32  63   1.0000000e-30
  32  64   1.0000000e-30
  32  65   1.0000000e-30
  32  66   1.0000000e-30
  32  67   1.0000000e-30
  32  68   1.0000000e-30
  32  69   1.0000000e-30
  32  70   1.0000000e-30
  32  71   1.0000000e-30
  32  72   1.0000000e-30
  32  73   1.0000000e-30
  32  74   1.0000000e-30
  32  75   1.0000000e-30
  32  76   1.0000000e-30
  32  77   1.0000000e-30
  32  78   1.0000000e-30
  32  79   1.0000000e-30
  32  80   1.0000000e-30
  32  81   1.0000000e-30
  32  82   1.0000000e-30
  32  83   1.0000000e-30
  32  84   1.0000000e-30
  32  85   1.0000000e-30
  32  86   1.0000000e-30
  32  87   1.0000000e-30
  32  88   1.0000000e-30
  32  89   1.0000000e-30
  32  90   1.0000000e-30
  32  91   1.0000000e-30
  32  92   1.0000000e-30
  32  93   1.0000000e-30
  32  94   1.0000000e-30
  32  95   1.0000000e-30
  32  96   1.0000000e-30
  32  97   1.0000000e-30
  32  98   1.0000000e-30
  32  99   1.0000000e-30
  32 100   1.0000000e-30
  32 101   1.0000000e-30
  32 102   1.0000000e-30
  32 103   1.0000000e-30
  32 104   1.0000000e-30
  32 105   1.0000000e-30
  32 106   1.0000000e-30
  32 107   1.0000000e-30
  32 108   1.0000000e-30
  33  36   1.0000000e-30
  33  37   1.0000000e-30
  33  38   1.0000000e-30
  33  39   1.6496500e-14
  33  40   1.4296900e-12
  33  41   6.7585600e-11
  33  42   2.6794300e-09
  33  43   5.5288200e-08
  33  44   9.8879000e-07
  33  45   9.8779100e-06
  33  46   8.0133000e-05
  33  47   3.1938200e-04
  33  48   1.0255800e-03
  33  49   1.1348990e-03
  33  50   1.1528800e-03
  33  51   6.5668100e-04
  33  52   1.4313900e-04
  33  53   6.0017300e-05
  33  54   1.2667300e-05
  33  55   1.0197900e-06
  33  56   4.5487100e-08
  33  57   9.8494200e-09
  33  58   1.0000000e-30
  33  59   8.9979100e-13
  33  60   1.0000000e-30
  33  61   1.0000000e-30
  33  62   1.0000000e-30
  33  63   1.0000000e-30
  33  64   1.0000000e-30
  33  65   1.0000000e-30
  33  66   1.0000000e-30
  33  67   1.0000000e-30
  33  68   1.0000000e-30
  33  69   1.0000000e-30
  33  70   1.0000000e-30
  33  71   1.0000000e-30
  33  72   1.0000000e-30
  33  73   1.0000000e-30
  33  74   1.0000000e-30
  33  75   1.0000000e-30
  33  76   1.0000000e-30
  33  77   1.0000000e-30
  33  78   1.0000000e-30
  33  79   1.0000000e-30
  33  80   1.0000000e-30
  33  81   1.0000000e-30
  33  82   1.0000000e-30
  33  83   1.0000000e-30
  33  84   1.0000000e-30
  33  85   1.0000000e-30
  33  86   1.0000000e-30
  33  87   1.0000000e-30
  33  88   1.0000000e-30
  33  89   1.0000000e-30
  33  90   1.0000000e-30
  33  91   1.0000000e-30
  33  92   1.0000000e-30
  33  93   1.0000000e-30
  33  94   1.0000000e-30
  33  95   1.0000000e-30
  33  96   1.0000000e-30
  33  97   1.0000000e-30
  33  98   1.0000000e-30
  33  99   1.0000000e-30
  33 100   1.0000000e-30
  33 101   1.0000000e-30
  33 102   1.0000000e-30
  33 103   1.0000000e-30
  33 104   1.0000000e-30
  33 105   1.0000000e-30
  33 106   1.0000000e-30
  33 107   1.0000000e-30
  33 108   1.0000000e-30
  34  36   1.0000000e-30
  34  37   1.0000000e-30
  34  38   1.0000000e-30
  34  39   1.0000000e-30
  34  40   1.0000000e-30
  34  41   9.0580800e-13
  34  42   7.0585000e-11
  34  43   2.9873700e-09
  34  44   1.1697600e-07
  34  45   2.2865170e-06
  34  46   3.2443100e-05
  34  47   2.4295840e-04
  34  48   8.7588400e-04
  34  49   1.5603330e-03
  34  50   3.2724000e-03
  34  51   4.0576200e-03
  34  52   2.9334200e-03
  34  53   1.3682000e-03
  34  54   4.2019100e-04
  34  55   5.0339300e-05
  34  56   1.2147600e-05
  34  57   5.7732900e-07
  34  58   2.2594300e-08
  34  59   4.6920500e-09
  34  60   2.2795100e-09
  34  61   7.7615100e-13
  34  62   4.7589900e-14
  34  63   1.0000000e-30
  34  64   1.0000000e-30
  34  65   1.0000000e-30
  34  66   1.0000000e-30
  34  67   1.0000000e-30
  34  68   1.0000000e-30
  34  69   1.0000000e-30
  34  70   1.0000000e-30
  34  71   1.0000000e-30
  34  72   1.0000000e-30
  34  73   1.0000000e-30
  34  74   1.0000000e-30
  34  75   1.0000000e-30
  34  76   1.0000000e-30
  34  77   1.0000000e-30
  34  78   1.0000000e-30
  34  79   1.0000000e-30
  34  80   1.0000000e-30
  34  81   1.0000000e-30
  34  82   1.0000000e-30
  34  83   1.0000000e-30
  34  84   1.0000000e-30
  34  85   1.0000000e-30
  34  86   1.0000000e-30
  34  87   1.0000000e-30
  34  88   1.0000000e-30
  34  89   1.0000000e-30
  34  90   1.0000000e-30
  34  91   1.0000000e-30
  34  92   1.0000000e-30
  34  93   1.0000000e-30
  34  94   1.0000000e-30
  34  95   1.0000000e-30
  34  96   1.0000000e-30
  34  97   1.0000000e-30
  34  98   1.0000000e-30
  34  99   1.0000000e-30
  34 100   1.0000000e-30
  34 101   1.0000000e-30
  34 102   1.0000000e-30
  34 103   1.0000000e-30
  34 104   1.0000000e-30
  34 105   1.0000000e-30
  34 106   1.0000000e-30
  34 107   1.0000000e-30
  34 108   1.0000000e-30
  35  36   1.0000000e-30
  35  37   1.0000000e-30
  35  38   1.0000000e-30
  35  39   1.0000000e-30
  35  40   1.0000000e-30
  35  41   1.0000000e-30
  35  42   3.2972990e-13
  35  43   3.3692900e-11
  35  44   2.4784740e-09
  35  45   1.4666960e-08
  35  46   2.6694400e-06
  35  47   1.2837280e-05
  35  48   1.7057400e-04
  35  49   7.5819000e-04
  35  50   1.4804700e-03
  35  51   3.7812000e-03
  35  52   5.5299600e-03
  35  53   4.6549800e-03
  35  54   3.4372100e-03
  35  55   2.1338300e-03
  35  56   1.9832800e-04
  35  57   2.4634800e-05
  35  58   6.5881300e-05
  35  59   2.7104300e-05
  35  60   1.0897900e-08
  35  61   6.1986800e-09
  35  62   7.7216800e-10
  35  63   1.0000000e-30
  35  64   1.0000000e-30
  35  65   1.0000000e-30
  35  66   1.0000000e-30
  35  67   1.0000000e-30
  35  68   1.0000000e-30
  35  69   1.0000000e-30
  35  70   1.0000000e-30
  35  71   1.0000000e-30
  35  72   1.0000000e-30
  35  73   1.0000000e-30
  35  74   1.0000000e-30
  35  75   1.0000000e-30
  35  76   1.0000000e-30
  35  77   1.0000000e-30
  35  78   1.0000000e-30
  35  79   1.0000000e-30
  35  80   1.0000000e-30
  35  81   1.0000000e-30
  35  82   1.0000000e-30
  35  83   1.0000000e-30
  35  84   1.0000000e-30
  35  85   1.0000000e-30
  35  86   1.0000000e-30
  35  87   1.0000000e-30
  35  88   1.0000000e-30
  35  89   1.0000000e-30
  35  90   1.0000000e-30
  35  91   1.0000000e-30
  35  92   1.0000000e-30
  35  93   1.0000000e-30
  35  94   1.0000000e-30
  35  95   1.0000000e-30
  35  96   1.0000000e-30
  35  97   1.0000000e-30
  35  98   1.0000000e-30
  35  99   1.0000000e-30
  35 100   1.0000000e-30
  35 101   1.0000000e-30
  35 102   1.0000000e-30
  35 103   1.0000000e-30
  35 104   1.0000000e-30
  35 105   1.0000000e-30
  35 106   1.0000000e-30
  35 107   1.0000000e-30
  35 108   1.0000000e-30
  36  36   1.0000000e-30
  36  37   1.0000000e-30
  36  38   1.0000000e-30
  36  39   1.0000000e-30
  36  40   1.0000000e-30
  36  41   1.0000000e-30
  36  42   1.0000000e-30
  36  43   1.9495850e-13
  36  44   3.0193600e-11
  36  45   2.3674970e-09
  36  46   4.4890400e-08
  36  47   1.5296680e-06
  36  48   2.6074500e-05
  36  49   1.2379430e-04
  36  50   7.0522000e-04
  36  51   2.8411700e-03
  36  52   7.4693500e-03
  36  53   1.1000300e-02
  36  54   1.0966900e-02
  36  55   6.9676500e-03
  36  56   3.0861400e-03
  36  57   6.3682500e-04
  36  58   2.1525400e-04
  36  59   1.1136800e-05
  36  60   8.1552700e-05
  36  61   1.6065800e-05
  36  62   2.2395200e-09
  36  63   2.6108600e-11
  36  64   6.5186200e-13
  36  65   1.0000000e-30
  36  66   1.0000000e-30
  36  67   1.0000000e-30
  36  68   1.0000000e-30
  36  69   1.0000000e-30
  36  70   1.0000000e-30
  36  71   1.0000000e-30
  36  72   1.0000000e-30
  36  73   1.0000000e-30
  36  74   1.0000000e-30
  36  75   1.0000000e-30
  36  76   1.0000000e-30
  36  77   1.0000000e-30
  36  78   1.0000000e-30
  36  79   1.0000000e-30
  36  80   1.0000000e-30
  36  81   1.0000000e-30
  36  82   1.0000000e-30
  36  83   1.0000000e-30
  36  84   1.0000000e-30
  36  85   1.0000000e-30
  36  86   1.0000000e-30
  36  87   1.0000000e-30
  36  88   1.0000000e-30
  36  89   1.0000000e-30
  36  90   1.0000000e-30
  36  91   1.0000000e-30
  36  92   1.0000000e-30
  36  93   1.0000000e-30
  36  94   1.0000000e-30
  36  95   1.0000000e-30
  36  96   1.0000000e-30
  36  97   1.0000000e-30
  36  98   1.0000000e-30
  36  99   1.0000000e-30
  36 100   1.0000000e-30
  36 101   1.0000000e-30
  36 102   1.0000000e-30
  36 103   1.0000000e-30
  36 104   1.0000000e-30
  36 105   1.0000000e-30
  36 106   1.0000000e-30
  36 107   1.0000000e-30
  36 108   1.0000000e-30
  37  36   1.0000000e-30
  37  37   1.0000000e-30
  37  38   1.0000000e-30
  37  39   1.0000000e-30
  37  40   1.0000000e-30
  37  41   1.0000000e-30
  37  42   1.0000000e-30
  37  43   1.0000000e-30
  37  44   3.7445200e-15
  37  45   1.0000000e-30
  37  46   5.0089400e-10
  37  47   2.0020185e-08
  37  48   4.2391000e-07
  37  49   1.8296120e-06
  37  50   1.4658900e-04
  37  51   5.7298800e-04
  37  52   2.5485600e-03
  37  53   7.4476800e-03
  37  54   1.3831200e-02
  37  55   1.6072300e-02
  37  56   1.3552000e-02
  37  57   7.0398200e-03
  37  58   4.3215300e-03
  37  59   3.9068700e-04
  37  60   5.3538600e-05
  37  61   6.5743520e-06
  37  62   3.6659200e-07
  37  63   2.0595600e-08
  37  64   1.3886500e-10
  37  65   3.1970400e-12
  37  66   7.0412000e-13
  37  67   1.0000000e-30
  37  68   1.0000000e-30
  37  69   1.0000000e-30
  37  70   1.0000000e-30
  37  71   1.0000000e-30
  37  72   1.0000000e-30
  37  73   1.0000000e-30
  37  74   1.0000000e-30
  37  75   1.0000000e-30
  37  76   1.0000000e-30
  37  77   1.0000000e-30
  37  78   1.0000000e-30
  37  79   1.0000000e-30
  37  80   1.0000000e-30
  37  81   1.0000000e-30
  37  82   1.0000000e-30
  37  83   1.0000000e-30
  37  84   1.0000000e-30
  37  85   1.0000000e-30
  37  86   1.0000000e-30
  37  87   1.0000000e-30
  37  88   1.0000000e-30
  37  89   1.0000000e-30
  37  90   1.0000000e-30
  37  91   1.0000000e-30
  37  92   1.0000000e-30
  37  93   1.0000000e-30
  37  94   1.0000000e-30
  37  95   1.0000000e-30
  37  96   1.0000000e-30
  37  97   1.0000000e-30
  37  98   1.0000000e-30
  37  99   1.0000000e-30
  37 100   1.0000000e-30
  37 101   1.0000000e-30
  37 102   1.0000000e-30
  37 103   1.0000000e-30
  37 104   1.0000000e-30
  37 105   1.0000000e-30
  37 106   1.0000000e-30
  37 107   1.0000000e-30
  37 108   1.0000000e-30
  38  36   1.0000000e-30
  38  37   1.0000000e-30
  38  38   1.0000000e-30
  38  39   1.0000000e-30
  38  40   1.0000000e-30
  38  41   1.0000000e-30
  38  42   1.0000000e-30
  38  43   1.0000000e-30
  38  44   1.0000000e-30
  38  45   8.7177700e-15
  38  46   2.2295200e-12
  38  47   1.1297600e-10
  38  48   1.0097900e-08
  38  49   3.0363550e-07
  38  50   6.7885600e-06
  38  51   1.5100800e-04
  38  52   9.6880400e-04
  38  53   3.8600900e-03
  38  54   1.0241700e-02
  38  55   2.1436900e-02
  38  56   2.9243500e-02
  38  57   2.6114300e-02
  38  58   1.8216000e-02
  38  59   7.8655100e-03
  38  60   3.2724800e-03
  38  61   3.7462400e-04
  38  62   6.7585700e-05
  38  63   2.8892500e-06
  38  64   8.0279700e-08
  38  65   1.4650000e-08
  38  66   9.4379900e-11
  38  67   4.4606000e-12
  38  68   1.0000000e-30
  38  69   1.0000000e-30
  38  70   1.0000000e-30
  38  71   1.0000000e-30
  38  72   1.0000000e-30
  38  73   1.0000000e-30
  38  74   1.0000000e-30
  38  75   1.0000000e-30
  38  76   1.0000000e-30
  38  77   1.0000000e-30
  38  78   1.0000000e-30
  38  79   1.0000000e-30
  38  80   1.0000000e-30
  38  81   1.0000000e-30
  38  82   1.0000000e-30
  38  83   1.0000000e-30
  38  84   1.0000000e-30
  38  85   1.0000000e-30
  38  86   1.0000000e-30
  38  87   1.0000000e-30
  38  88   1.0000000e-30
  38  89   1.0000000e-30
  38  90   1.0000000e-30
  38  91   1.0000000e-30
  38  92   1.0000000e-30
  38  93   1.0000000e-30
  38  94   1.0000000e-30
  38  95   1.0000000e-30
  38  96   1.0000000e-30
  38  97   1.0000000e-30
  38  98   1.0000000e-30
  38  99   1.0000000e-30
  38 100   1.0000000e-30
  38 101   1.0000000e-30
  38 102   1.0000000e-30
  38 103   1.0000000e-30
  38 104   1.0000000e-30
  38 105   1.0000000e-30
  38 106   1.0000000e-30
  38 107   1.0000000e-30
  38 108   1.0000000e-30
  39  36   1.0000000e-30
  39  37   1.0000000e-30
  39  38   1.0000000e-30
  39  39   1.0000000e-30
  39  40   1.0000000e-30
  39  41   1.0000000e-30
  39  42   1.0000000e-30
  39  43   1.0000000e-30
  39  44   1.0000000e-30
  39  45   1.0000000e-30
  39  46   1.0000000e-30
  39  47   1.0000000e-30
  39  48   1.0176900e-12
  39  49   1.6210380e-09
  39  50   8.5781800e-08
  39  51   1.9295910e-06
  39  52   2.4794590e-05
  39  53   4.5069400e-04
  39  54   1.7401850e-03
  39  55   6.7494800e-03
  39  56   1.6774400e-02
  39  57   2.4857840e-02
  39  58   3.0031790e-02
  39  59   2.3740220e-02
  39  60   1.4438400e-02
  39  61   4.0986316e-03
  39  62   8.4004200e-04
  39  63   6.8566400e-05
  39  64   1.0103200e-05
  39  65   7.3384400e-07
  39  66   6.2631600e-08
  39  67   7.2859200e-11
  39  68   6.8067300e-12
  39  69   1.8115300e-13
  39  70   1.0000000e-30
  39  71   1.0000000e-30
  39  72   1.0000000e-30
  39  73   1.0000000e-30
  39  74   1.0000000e-30
  39  75   1.0000000e-30
  39  76   1.0000000e-30
  39  77   1.0000000e-30
  39  78   1.0000000e-30
  39  79   1.0000000e-30
  39  80   1.0000000e-30
  39  81   1.0000000e-30
  39  82   1.0000000e-30
  39  83   1.0000000e-30
  39  84   1.0000000e-30
  39  85   1.0000000e-30
  39  86   1.0000000e-30
  39  87   1.0000000e-30
  39  88   1.0000000e-30
  39  89   1.0000000e-30
  39  90   1.0000000e-30
  39  91   1.0000000e-30
  39  92   1.0000000e-30
  39  93   1.0000000e-30
  39  94   1.0000000e-30
  39  95   1.0000000e-30
  39  96   1.0000000e-30
  39  97   1.0000000e-30
  39  98   1.0000000e-30
  39  99   1.0000000e-30
  39 100   1.0000000e-30
  39 101   1.0000000e-30
  39 102   1.0000000e-30
  39 103   1.0000000e-30
  39 104   1.0000000e-30
  39 105   1.0000000e-30
  39 106   1.0000000e-30
  39 107   1.0000000e-30
  39 108   1.0000000e-30
  40  36   1.0000000e-30
  40  37   1.0000000e-30
  40  38   1.0000000e-30
  40  39   1.0000000e-30
  40  40   1.0000000e-30
  40  41   1.0000000e-30
  40  42   1.0000000e-30
  40  43   1.0000000e-30
  40  44   1.0000000e-30
  40  45   1.0000000e-30
  40  46   1.0000000e-30
  40  47   1.0000000e-30
  40  48   4.8589700e-14
  40  49   4.3309700e-12
  40  50   6.0087200e-10
  40  51   3.6892100e-08
  40  52   9.4379900e-07
  40  53   1.6856400e-05
  40  54   3.0135600e-04
  40  55   1.2546000e-03
  40  56   5.3720100e-03
  40  57   1.5839800e-02
  40  58   2.9214300e-02
  40  59   3.7624100e-02
  40  60   4.7821800e-02
  40  61   2.3281200e-02
  40  62   1.2175700e-02
  40  63   2.2342400e-03
  40  64   6.1005000e-04
  40  65   6.4003800e-05
  40  66   1.8295300e-06
  40  67   1.4162200e-07
  40  68   4.5488500e-09
  40  69   1.0000000e-30
  40  70   1.0000000e-30
  40  71   1.0000000e-30
  40  72   1.0000000e-30
  40  73   1.0000000e-30
  40  74   1.0000000e-30
  40  75   1.0000000e-30
  40  76   1.0000000e-30
  40  77   1.0000000e-30
  40  78   1.0000000e-30
  40  79   1.0000000e-30
  40  80   1.0000000e-30
  40  81   1.0000000e-30
  40  82   1.0000000e-30
  40  83   1.0000000e-30
  40  84   1.0000000e-30
  40  85   1.0000000e-30
  40  86   1.0000000e-30
  40  87   1.0000000e-30
  40  88   1.0000000e-30
  40  89   1.0000000e-30
  40  90   1.0000000e-30
  40  91   1.0000000e-30
  40  92   1.0000000e-30
  40  93   1.0000000e-30
  40  94   1.0000000e-30
  40  95   1.0000000e-30
  40  96   1.0000000e-30
  40  97   1.0000000e-30
  40  98   1.0000000e-30
  40  99   1.0000000e-30
  40 100   1.0000000e-30
  40 101   1.0000000e-30
  40 102   1.0000000e-30
  40 103   1.0000000e-30
  40 104   1.0000000e-30
  40 105   1.0000000e-30
  40 106   1.0000000e-30
  40 107   1.0000000e-30
  40 108   1.0000000e-30
  41  36   1.0000000e-30
  41  37   1.0000000e-30
  41  38   1.0000000e-30
  41  39   1.0000000e-30
  41  40   1.0000000e-30
  41  41   1.0000000e-30
  41  42   1.0000000e-30
  41  43   1.0000000e-30
  41  44   1.0000000e-30
  41  45   1.0000000e-30
  41  46   1.0000000e-30
  41  47   1.0000000e-30
  41  48   1.0000000e-30
  41  49   1.0000000e-30
  41  50   5.3922900e-13
  41  51   2.4803700e-11
  41  52   5.2078950e-09
  41  53   1.6216560e-07
  41  54   6.9685200e-06
  41  55   3.6032400e-05
  41  56   8.0310000e-04
  41  57   1.7790590e-03
  41  58   9.5622500e-03
  41  59   1.5003090e-02
  41  60   3.4550300e-02
  41  61   3.0775640e-02
  41  62   2.7020500e-02
  41  63   1.1631240e-02
  41  64   4.9411800e-03
  41  65   3.4849600e-04
  41  66   9.7667600e-05
  41  67   9.3180300e-06
  41  68   1.7796200e-11
  41  69   1.0000000e-30
  41  70   1.0375200e-16
  41  71   2.0217500e-18
  41  72   1.0000000e-30
  41  73   2.1658700e-13
  41  74   1.0000000e-30
  41  75   1.0000000e-30
  41  76   1.0000000e-30
  41  77   1.0000000e-30
  41  78   1.0000000e-30
  41  79   1.0000000e-30
  41  80   1.0000000e-30
  41  81   1.0000000e-30
  41  82   1.0000000e-30
  41  83   1.0000000e-30
  41  84   1.0000000e-30
  41  85   1.0000000e-30
  41  86   1.0000000e-30
  41  87   1.0000000e-30
  41  88   1.0000000e-30
  41  89   1.0000000e-30
  41  90   1.0000000e-30
  41  91   1.0000000e-30
  41  92   1.0000000e-30
  41  93   1.0000000e-30
  41  94   1.0000000e-30
  41  95   1.0000000e-30
  41  96   1.0000000e-30
  41  97   1.0000000e-30
  41  98   1.0000000e-30
  41  99   1.0000000e-30
  41 100   1.0000000e-30
  41 101   1.0000000e-30
  41 102   1.0000000e-30
  41 103   1.0000000e-30
  41 104   1.0000000e-30
  41 105   1.0000000e-30
  41 106   1.0000000e-30
  41 107   1.0000000e-30
  41 108   1.0000000e-30
  42  36   1.0000000e-30
  42  37   1.0000000e-30
  42  38   1.0000000e-30
  42  39   1.0000000e-30
  42  40   1.0000000e-30
  42  41   1.0000000e-30
  42  42   1.0000000e-30
  42  43   1.0000000e-30
  42  44   1.0000000e-30
  42  45   1.0000000e-30
  42  46   1.0000000e-30
  42  47   1.0000000e-30
  42  48   1.0000000e-30
  42  49   1.0000000e-30
  42  50   1.0000000e-30
  42  51   1.1397580e-13
  42  52   1.4097000e-11
  42  53   9.3380100e-10
  42  54   4.5090400e-08
  42  55   1.0397800e-06
  42  56   1.9545900e-05
  42  57   3.7499000e-04
  42  58   1.4192100e-03
  42  59   1.3800700e-03
  42  60   1.7559900e-02
  42  61   3.8121900e-02
  42  62   4.2922800e-02
  42  63   3.5135200e-02
  42  64   2.1650600e-02
  42  65   5.8589900e-03
  42  66   2.1491200e-03
  42  67   5.9147500e-05
  42  68   8.3182400e-08
  42  69   2.5294600e-09
  42  70   5.9487400e-11
  42  71   4.7823600e-14
  42  72   5.4386300e-09
  42  73   1.2550700e-12
  42  74   1.1597600e-13
  42  75   1.0000000e-30
  42  76   1.0000000e-30
  42  77   1.0000000e-30
  42  78   1.0000000e-30
  42  79   1.0000000e-30
  42  80   1.0000000e-30
  42  81   1.0000000e-30
  42  82   1.0000000e-30
  42  83   1.0000000e-30
  42  84   1.0000000e-30
  42  85   1.0000000e-30
  42  86   1.0000000e-30
  42  87   1.0000000e-30
  42  88   1.0000000e-30
  42  89   1.0000000e-30
  42  90   1.0000000e-30
  42  91   1.0000000e-30
  42  92   1.0000000e-30
  42  93   1.0000000e-30
  42  94   1.0000000e-30
  42  95   1.0000000e-30
  42  96   1.0000000e-30
  42  97   1.0000000e-30
  42  98   1.0000000e-30
  42  99   1.0000000e-30
  42 100   1.0000000e-30
  42 101   1.0000000e-30
  42 102   1.0000000e-30
  42 103   1.0000000e-30
  42 104   1.0000000e-30
  42 105   1.0000000e-30
  42 106   1.0000000e-30
  42 107   1.0000000e-30
  42 108   1.0000000e-30
  43  36   1.0000000e-30
  43  37   1.0000000e-30
  43  38   1.0000000e-30
  43  39   1.0000000e-30
  43  40   1.0000000e-30
  43  41   1.0000000e-30
  43  42   1.0000000e-30
  43  43   1.0000000e-30
  43  44   1.0000000e-30
  43  45   1.0000000e-30
  43  46   1.0000000e-30
  43  47   1.0000000e-30
  43  48   1.0000000e-30
  43  49   1.0000000e-30
  43  50   1.0000000e-30
  43  51   1.0000000e-30
  43  52   1.0000000e-30
  43  53   1.0000000e-30
  43  54   8.2182500e-11
  43  55   4.1691200e-09
  43  56   1.4806900e-07
  43  57   3.0693500e-06
  43  58   1.2436300e-04
  43  59   6.7301700e-04
  43  60   2.5327000e-03
  43  61   5.4201200e-03
  43  62   1.5938900e-02
  43  63   1.8250800e-02
  43  64   1.8202400e-02
  43  65   6.2591700e-03
  43  66   4.0368500e-03
  43  67   4.0158500e-04
  43  68   6.6985800e-05
  43  69   6.0887000e-06
  43  70   7.8683300e-07
  43  71   2.6494400e-06
  43  72   1.7622500e-08
  43  73   1.4596900e-09
  43  74   4.1131100e-12
  43  75   8.8784800e-14
  43  76   1.4943600e-15
  43  77   1.0000000e-30
  43  78   1.0000000e-30
  43  79   1.0000000e-30
  43  80   1.0000000e-30
  43  81   1.0000000e-30
  43  82   1.0000000e-30
  43  83   1.0000000e-30
  43  84   1.0000000e-30
  43  85   1.0000000e-30
  43  86   1.0000000e-30
  43  87   1.0000000e-30
  43  88   1.0000000e-30
  43  89   1.0000000e-30
  43  90   1.0000000e-30
  43  91   1.0000000e-30
  43  92   1.0000000e-30
  43  93   1.0000000e-30
  43  94   1.0000000e-30
  43  95   1.0000000e-30
  43  96   1.0000000e-30
  43  97   1.0000000e-30
  43  98   1.0000000e-30
  43  99   1.0000000e-30
  43 100   1.0000000e-30
  43 101   1.0000000e-30
  43 102   1.0000000e-30
  43 103   1.0000000e-30
  43 104   1.0000000e-30
  43 105   1.0000000e-30
  43 106   1.0000000e-30
  43 107   1.0000000e-30
  43 108   1.0000000e-30
  44  36   1.0000000e-30
  44  37   1.0000000e-30
  44  38   1.0000000e-30
  44  39   1.0000000e-30
  44  40   1.0000000e-30
  44  41   1.0000000e-30
  44  42   1.0000000e-30
  44  43   1.0000000e-30
  44  44   1.0000000e-30
  44  45   1.0000000e-30
  44  46   1.0000000e-30
  44  47   1.0000000e-30
  44  48   1.0000000e-30
  44  49   1.0000000e-30
  44  50   1.0000000e-30
  44  51   1.0000000e-30
  44  52   1.0000000e-30
  44  53   1.0000000e-30
  44  54   9.1380600e-14
  44  55   8.6081700e-12
  44  56   7.0685000e-10
  44  57   2.4294800e-08
  44  58   7.6483800e-07
  44  59   1.1958960e-05
  44  60   2.4401800e-04
  44  61   4.5436300e-04
  44  62   3.2401300e-03
  44  63   8.3728400e-03
  44  64   1.2814300e-02
  44  65   9.9564700e-03
  44  66   5.7420700e-03
  44  67   2.4488500e-03
  44  68   9.2095500e-04
  44  69   3.2594200e-04
  44  70   1.5805600e-04
  44  71   1.8008600e-05
  44  72   1.9495900e-06
  44  73   8.5577700e-08
  44  74   2.2294300e-09
  44  75   3.1091900e-11
  44  76   3.3292900e-13
  44  77   6.4720500e-15
  44  78   1.0000000e-30
  44  79   1.0000000e-30
  44  80   1.0000000e-30
  44  81   1.0000000e-30
  44  82   1.0000000e-30
  44  83   1.0000000e-30
  44  84   1.0000000e-30
  44  85   1.0000000e-30
  44  86   1.0000000e-30
  44  87   1.0000000e-30
  44  88   1.0000000e-30
  44  89   1.0000000e-30
  44  90   1.0000000e-30
  44  91   1.0000000e-30
  44  92   1.0000000e-30
  44  93   1.0000000e-30
  44  94   1.0000000e-30
  44  95   1.0000000e-30
  44  96   1.0000000e-30
  44  97   1.0000000e-30
  44  98   1.0000000e-30
  44  99   1.0000000e-30
  44 100   1.0000000e-30
  44 101   1.0000000e-30
  44 102   1.0000000e-30
  44 103   1.0000000e-30
  44 104   1.0000000e-30
  44 105   1.0000000e-30
  44 106   1.0000000e-30
  44 107   1.0000000e-30
  44 108   1.0000000e-30
  45  36   1.0000000e-30
  45  37   1.0000000e-30
  45  38   1.0000000e-30
  45  39   1.0000000e-30
  45  40   1.0000000e-30
  45  41   1.0000000e-30
  45  42   1.0000000e-30
  45  43   1.0000000e-30
  45  44   1.0000000e-30
  45  45   1.0000000e-30
  45  46   1.0000000e-30
  45  47   1.0000000e-30
  45  48   1.0000000e-30
  45  49   1.0000000e-30
  45  50   1.0000000e-30
  45  51   1.0000000e-30
  45  52   1.0000000e-30
  45  53   1.0000000e-30
  45  54   1.0000000e-30
  45  55   1.0000000e-30
  45  56   4.7139910e-13
  45  57   4.0591300e-11
  45  58   2.5624560e-09
  45  59   7.0285100e-08
  45  60   1.5866560e-06
  45  61   4.4390600e-06
  45  62   7.6133900e-04
  45  63   3.9643670e-04
  45  64   7.2456700e-04
  45  65   3.0865460e-04
  45  66   4.4323600e-04
  45  67   3.9224700e-04
  45  68   4.3518800e-04
  45  69   3.0158200e-04
  45  70   1.7853200e-04
  45  71   6.6520900e-05
  45  72   1.4316900e-05
  45  73   1.2597300e-06
  45  74   8.1682700e-08
  45  75   2.7494200e-09
  45  76   9.0874200e-11
  45  77   1.3097200e-12
  45  78   1.0000000e-30
  45  79   1.0000000e-30
  45  80   1.0000000e-30
  45  81   1.0000000e-30
  45  82   1.0000000e-30
  45  83   1.0000000e-30
  45  84   1.0000000e-30
  45  85   1.0000000e-30
  45  86   1.0000000e-30
  45  87   1.0000000e-30
  45  88   1.0000000e-30
  45  89   1.0000000e-30
  45  90   1.0000000e-30
  45  91   1.0000000e-30
  45  92   1.0000000e-30
  45  93   1.0000000e-30
  45  94   1.0000000e-30
  45  95   1.0000000e-30
  45  96   1.0000000e-30
  45  97   1.0000000e-30
  45  98   1.0000000e-30
  45  99   1.0000000e-30
  45 100   1.0000000e-30
  45 101   1.0000000e-30
  45 102   1.0000000e-30
  45 103   1.0000000e-30
  45 104   1.0000000e-30
  45 105   1.0000000e-30
  45 106   1.0000000e-30
  45 107   1.0000000e-30
  45 108   1.0000000e-30
  46  36   1.0000000e-30
  46  37   1.0000000e-30
  46  38   1.0000000e-30
  46  39   1.0000000e-30
  46  40   1.0000000e-30
  46  41   1.0000000e-30
  46  42   1.0000000e-30
  46  43   1.0000000e-30
  46  44   1.0000000e-30
  46  45   1.0000000e-30
  46  46   1.0000000e-30
  46  47   1.0000000e-30
  46  48   1.0000000e-30
  46  49   1.0000000e-30
  46  50   1.0000000e-30
  46  51   1.0000000e-30
  46  52   1.0000000e-30
  46  53   1.0000000e-30
  46  54   1.0000000e-30
  46  55   1.0000000e-30
  46  56   1.0000000e-30
  46  57   3.6392300e-14
  46  58   3.9791500e-12
  46  59   2.4194900e-10
  46  60   9.1480600e-09
  46  61   1.9505820e-07
  46  62   2.8793800e-06
  46  63   4.0191400e-09
  46  64   4.4290600e-08
  46  65   2.3235060e-07
  46  66   9.4679900e-07
  46  67   3.5085570e-06
  46  68   1.2052500e-04
  46  69   1.9134260e-04
  46  70   3.5843400e-04
  46  71   1.9512210e-04
  46  72   8.6261700e-05
  46  73   1.6536500e-05
  46  74   2.4294800e-06
  46  75   2.4694800e-07
  46  76   1.6196600e-08
  46  77   3.6192400e-10
  46  78   1.0000000e-30
  46  79   1.0000000e-30
  46  80   1.0000000e-30
  46  81   1.0000000e-30
  46  82   1.0000000e-30
  46  83   1.0000000e-30
  46  84   1.0000000e-30
  46  85   1.0000000e-30
  46  86   1.0000000e-30
  46  87   1.0000000e-30
  46  88   1.0000000e-30
  46  89   1.0000000e-30
  46  90   1.0000000e-30
  46  91   1.0000000e-30
  46  92   1.0000000e-30
  46  93   1.0000000e-30
  46  94   1.0000000e-30
  46  95   1.0000000e-30
  46  96   1.0000000e-30
  46  97   1.0000000e-30
  46  98   1.0000000e-30
  46  99   1.0000000e-30
  46 100   1.0000000e-30
  46 101   1.0000000e-30
  46 102   1.0000000e-30
  46 103   1.0000000e-30
  46 104   1.0000000e-30
  46 105   1.0000000e-30
  46 106   1.0000000e-30
  46 107   1.0000000e-30
  46 108   1.0000000e-30
  47  36   1.0000000e-30
  47  37   1.0000000e-30
  47  38   1.0000000e-30
  47  39   1.0000000e-30
  47  40   1.0000000e-30
  47  41   1.0000000e-30
  47  42   1.0000000e-30
  47  43   1.0000000e-30
  47  44   1.0000000e-30
  47  45   1.0000000e-30
  47  46   1.0000000e-30
  47  47   1.0000000e-30
  47  48   1.0000000e-30
  47  49   1.0000000e-30
  47  50   1.0000000e-30
  47  51   1.0000000e-30
  47  52   1.0000000e-30
  47  53   1.0000000e-30
  47  54   1.0000000e-30
  47  55   1.0000000e-30
  47  56   1.0000000e-30
  47  57   1.0000000e-30
  47  58   1.0000000e-30
  47  59   1.1507560e-13
  47  60   9.6979400e-12
  47  61   4.1591000e-10
  47  62   1.0000000e-30
  47  63   1.0000000e-30
  47  64   2.8344900e-14
  47  65   5.8587600e-13
  47  66   1.3907140e-11
  47  67   1.4470017e-06
  47  68   1.4297000e-05
  47  69   8.2063050e-05
  47  70   1.8891930e-04
  47  71   1.9749760e-04
  47  72   1.3088330e-04
  47  73   5.6787900e-05
  47  74   2.3874900e-05
  47  75   4.6490150e-06
  47  76   4.7589900e-07
  47  77   6.1586900e-12
  47  78   4.9789400e-13
  47  79   3.8691800e-14
  47  80   1.0000000e-30
  47  81   1.0000000e-30
  47  82   4.6750000e-17
  47  83   1.6996400e-10
  47  84   4.4927000e-12
  47  85   1.0000000e-30
  47  86   1.0000000e-30
  47  87   1.0000000e-30
  47  88   1.0000000e-30
  47  89   1.0000000e-30
  47  90   1.0000000e-30
  47  91   1.0000000e-30
  47  92   1.0000000e-30
  47  93   1.0000000e-30
  47  94   1.0000000e-30
  47  95   1.0000000e-30
  47  96   1.0000000e-30
  47  97   1.0000000e-30
  47  98   1.0000000e-30
  47  99   1.0000000e-30
  47 100   1.0000000e-30
  47 101   1.0000000e-30
  47 102   1.0000000e-30
  47 103   1.0000000e-30
  47 104   1.0000000e-30
  47 105   1.0000000e-30
  47 106   1.0000000e-30
  47 107   1.0000000e-30
  47 108   1.0000000e-30
  48  36   1.0000000e-30
  48  37   1.0000000e-30
  48  38   1.0000000e-30
  48  39   1.0000000e-30
  48  40   1.0000000e-30
  48  41   1.0000000e-30
  48  42   1.0000000e-30
  48  43   1.0000000e-30
  48  44   1.0000000e-30
  48  45   1.0000000e-30
  48  46   1.0000000e-30
  48  47   1.0000000e-30
  48  48   1.0000000e-30
  48  49   1.0000000e-30
  48  50   1.0000000e-30
  48  51   1.0000000e-30
  48  52   1.0000000e-30
  48  53   1.0000000e-30
  48  54   1.0000000e-30
  48  55   1.0000000e-30
  48  56   1.0000000e-30
  48  57   1.0000000e-30
  48  58   1.0000000e-30
  48  59   1.0000000e-30
  48  60   1.0000000e-30
  48  61   1.0000000e-30
  48  62   1.0000000e-30
  48  63   1.0000000e-30
  48  64   1.0000000e-30
  48  65   1.0000000e-30
  48  66   2.2195300e-09
  48  67   8.8281200e-08
  48  68   2.5594600e-06
  48  69   1.9635780e-05
  48  70   3.9011700e-05
  48  71   1.5318800e-04
  48  72   2.1372400e-04
  48  73   2.2520350e-04
  48  74   1.6927400e-04
  48  75   4.4346610e-05
  48  76   2.7394200e-06
  48  77   6.3168040e-07
  48  78   2.2995100e-07
  48  79   8.8681200e-08
  48  80   3.9591600e-08
  48  81   1.1397600e-09
  48  82   1.5496700e-06
  48  83   9.3475700e-08
  48  84   5.6787900e-09
  48  85   2.7127100e-11
  48  86   2.1395400e-13
  48  87   1.0000000e-30
  48  88   1.0000000e-30
  48  89   1.0000000e-30
  48  90   1.0000000e-30
  48  91   1.0000000e-30
  48  92   1.0000000e-30
  48  93   1.0000000e-30
  48  94   1.0000000e-30
  48  95   1.0000000e-30
  48  96   1.0000000e-30
  48  97   1.0000000e-30
  48  98   1.0000000e-30
  48  99   1.0000000e-30
  48 100   1.0000000e-30
  48 101   1.0000000e-30
  48 102   1.0000000e-30
  48 103   1.0000000e-30
  48 104   1.0000000e-30
  48 105   1.0000000e-30
  48 106   1.0000000e-30
  48 107   1.0000000e-30
  48 108   1.0000000e-30
  49  36   1.0000000e-30
  49  37   1.0000000e-30
  49  38   1.0000000e-30
  49  39   1.0000000e-30
  49  40   1.0000000e-30
  49  41   1.0000000e-30
  49  42   1.0000000e-30
  49  43   1.0000000e-30
  49  44   1.0000000e-30
  49  45   1.0000000e-30
  49  46   1.0000000e-30
  49  47   1.0000000e-30
  49  48   1.0000000e-30
  49  49   1.0000000e-30
  49  50   1.0000000e-30
  49  51   1.0000000e-30
  49  52   1.0000000e-30
  49  53   1.0000000e-30
  49  54   1.0000000e-30
  49  55   1.0000000e-30
  49  56   1.0000000e-30
  49  57   1.0000000e-30
  49  58   1.0000000e-30
  49  59   1.0000000e-30
  49  60   1.0000000e-30
  49  61   1.0000000e-30
  49  62   1.0000000e-30
  49  63   1.0000000e-30
  49  64   1.0000000e-30
  49  65   5.4896100e-14
  49  66   1.7396300e-11
  49  67   2.2195300e-09
  49  68   8.6681500e-08
  49  69   7.6883700e-07
  49  70   8.9381000e-06
  49  71   3.2113120e-05
  49  72   1.2106430e-04
  49  73   2.1987370e-04
  49  74   2.3994950e-04
  49  75   3.4694700e-04
  49  76   3.4134740e-04
  49  77   2.9395800e-04
  49  78   4.8383470e-04
  49  79   6.9131400e-04
  49  80   1.0693460e-04
  49  81   3.3188780e-04
  49  82   8.8478200e-05
  49  83   1.5726700e-05
  49  84   3.8089200e-07
  49  85   8.9481000e-09
  49  86   6.8711900e-11
  49  87   2.8194100e-13
  49  88   1.0000000e-30
  49  89   1.0000000e-30
  49  90   1.0000000e-30
  49  91   1.0000000e-30
  49  92   1.0000000e-30
  49  93   1.0000000e-30
  49  94   1.0000000e-30
  49  95   1.0000000e-30
  49  96   1.0000000e-30
  49  97   1.0000000e-30
  49  98   1.0000000e-30
  49  99   1.0000000e-30
  49 100   1.0000000e-30
  49 101   1.0000000e-30
  49 102   1.0000000e-30
  49 103   1.0000000e-30
  49 104   1.0000000e-30
  49 105   1.0000000e-30
  49 106   1.0000000e-30
  49 107   1.0000000e-30
  49 108   1.0000000e-30
  50  36   1.0000000e-30
  50  37   1.0000000e-30
  50  38   1.0000000e-30
  50  39   1.0000000e-30
  50  40   1.0000000e-30
  50  41   1.0000000e-30
  50  42   1.0000000e-30
  50  43   1.0000000e-30
  50  44   1.0000000e-30
  50  45   1.0000000e-30
  50  46   1.0000000e-30
  50  47   1.0000000e-30
  50  48   1.0000000e-30
  50  49   1.0000000e-30
  50  50   1.0000000e-30
  50  51   1.0000000e-30
  50  52   1.0000000e-30
  50  53   1.0000000e-30
  50  54   1.0000000e-30
  50  55   1.0000000e-30
  50  56   1.0000000e-30
  50  57   1.0000000e-30
  50  58   1.0000000e-30
  50  59   1.0000000e-30
  50  60   1.0000000e-30
  50  61   1.0000000e-30
  50  62   1.0000000e-30
  50  63   1.0000000e-30
  50  64   1.0000000e-30
  50  65   1.0000000e-30
  50  66   2.0595600e-13
  50  67   2.9293740e-11
  50  68   1.3197200e-09
  50  69   4.7789800e-08
  50  70   7.2784500e-07
  50  71   7.5983900e-06
  50  72   5.2638900e-05
  50  73   1.4610900e-04
  50  74   4.3632800e-04
  50  75   7.6772700e-04
  50  76   1.6899100e-03
  50  77   4.3068100e-03
  50  78   5.4507700e-03
  50  79   9.7948900e-03
  50  80   9.3935200e-03
  50  81   6.0754500e-03
  50  82   4.8408700e-03
  50  83   3.4288700e-04
  50  84   3.8411800e-05
  50  85   1.4296200e-06
  50  86   1.9295900e-08
  50  87   4.3490800e-10
  50  88   3.7891900e-12
  50  89   1.0000000e-30
  50  90   1.0000000e-30
  50  91   1.0000000e-30
  50  92   1.0000000e-30
  50  93   1.0000000e-30
  50  94   1.0000000e-30
  50  95   1.0000000e-30
  50  96   1.0000000e-30
  50  97   1.0000000e-30
  50  98   1.0000000e-30
  50  99   1.0000000e-30
  50 100   1.0000000e-30
  50 101   1.0000000e-30
  50 102   1.0000000e-30
  50 103   1.0000000e-30
  50 104   1.0000000e-30
  50 105   1.0000000e-30
  50 106   1.0000000e-30
  50 107   1.0000000e-30
  50 108   1.0000000e-30
  51  36   1.0000000e-30
  51  37   1.0000000e-30
  51  38   1.0000000e-30
  51  39   1.0000000e-30
  51  40   1.0000000e-30
  51  41   1.0000000e-30
  51  42   1.0000000e-30
  51  43   1.0000000e-30
  51  44   1.0000000e-30
  51  45   1.0000000e-30
  51  46   1.0000000e-30
  51  47   1.0000000e-30
  51  48   1.0000000e-30
  51  49   1.0000000e-30
  51  50   1.0000000e-30
  51  51   1.0000000e-30
  51  52   1.0000000e-30
  51  53   1.0000000e-30
  51  54   1.0000000e-30
  51  55   1.0000000e-30
  51  56   1.0000000e-30
  51  57   1.0000000e-30
  51  58   1.0000000e-30
  51  59   1.0000000e-30
  51  60   1.0000000e-30
  51  61   1.0000000e-30
  51  62   1.0000000e-30
  51  63   1.0000000e-30
  51  64   1.0000000e-30
  51  65   1.0000000e-30
  51  66   1.0000000e-30
  51  67   5.1688900e-14
  51  68   8.8281200e-12
  51  69   4.1791100e-10
  51  70   2.7194300e-09
  51  71   4.1585730e-07
  51  72   4.5990200e-06
  51  73   9.9978800e-07
  51  74   6.5786000e-06
  51  75   3.7132230e-05
  51  76   2.7614200e-04
  51  77   1.1951060e-03
  51  78   3.3022600e-03
  51  79   1.1788650e-02
  51  80   1.8969600e-02
  51  81   2.3998100e-02
  51  82   1.1734000e-02
  51  83   3.9885600e-03
  51  84   6.6619900e-04
  51  85   2.9223800e-05
  51  86   2.7494200e-06
  51  87   6.5086200e-08
  51  88   1.7396300e-09
  51  89   5.6137400e-11
  51  90   4.8975300e-12
  51  91   1.0000000e-30
  51  92   1.0000000e-30
  51  93   1.0000000e-30
  51  94   1.0000000e-30
  51  95   1.0000000e-30
  51  96   1.0000000e-30
  51  97   1.0000000e-30
  51  98   1.0000000e-30
  51  99   1.0000000e-30
  51 100   1.0000000e-30
  51 101   1.0000000e-30
  51 102   1.0000000e-30
  51 103   1.0000000e-30
  51 104   1.0000000e-30
  51 105   1.0000000e-30
  51 106   1.0000000e-30
  51 107   1.0000000e-30
  51 108   1.0000000e-30
  52  36   1.0000000e-30
  52  37   1.0000000e-30
  52  38   1.0000000e-30
  52  39   1.0000000e-30
  52  40   1.0000000e-30
  52  41   1.0000000e-30
  52  42   1.0000000e-30
  52  43   1.0000000e-30
  52  44   1.0000000e-30
  52  45   1.0000000e-30
  52  46   1.0000000e-30
  52  47   1.0000000e-30
  52  48   1.0000000e-30
  52  49   1.0000000e-30
  52  50   1.0000000e-30
  52  51   1.0000000e-30
  52  52   1.0000000e-30
  52  53   1.0000000e-30
  52  54   1.0000000e-30
  52  55   1.0000000e-30
  52  56   1.0000000e-30
  52  57   1.0000000e-30
  52  58   1.0000000e-30
  52  59   1.0000000e-30
  52  60   1.0000000e-30
  52  61   1.0000000e-30
  52  62   1.0000000e-30
  52  63   1.0000000e-30
  52  64   1.0000000e-30
  52  65   1.0000000e-30
  52  66   1.0000000e-30
  52  67   1.0000000e-30
  52  68   2.5194700e-14
  52  69   3.6792280e-12
  52  70   3.4092800e-10
  52  71   1.2557330e-08
  52  72   2.8294000e-12
  52  73   6.2086800e-11
  52  74   1.3597100e-09
  52  75   2.5354610e-08
  52  76   4.2591000e-07
  52  77   6.7485700e-06
  52  78   2.0509400e-03
  52  79   1.3198600e-02
  52  80   2.2530600e-02
  52  81   4.6560400e-02
  52  82   4.3964200e-02
  52  83   2.1925300e-02
  52  84   5.0606600e-03
  52  85   1.2928700e-03
  52  86   1.1703600e-04
  52  87   8.1282800e-06
  52  88   1.4096500e-06
  52  89   1.0189900e-07
  52  90   5.6688000e-09
  52  91   8.1965700e-12
  52  92   5.1728900e-13
  52  93   1.0000000e-30
  52  94   1.0000000e-30
  52  95   1.0000000e-30
  52  96   1.0000000e-30
  52  97   1.0000000e-30
  52  98   1.0000000e-30
  52  99   1.0000000e-30
  52 100   1.0000000e-30
  52 101   1.0000000e-30
  52 102   1.0000000e-30
  52 103   1.0000000e-30
  52 104   1.0000000e-30
  52 105   1.0000000e-30
  52 106   1.0000000e-30
  52 107   1.0000000e-30
  52 108   1.0000000e-30
  53  36   1.0000000e-30
  53  37   1.0000000e-30
  53  38   1.0000000e-30
  53  39   1.0000000e-30
  53  40   1.0000000e-30
  53  41   1.0000000e-30
  53  42   1.0000000e-30
  53  43   1.0000000e-30
  53  44   1.0000000e-30
  53  45   1.0000000e-30
  53  46   1.0000000e-30
  53  47   1.0000000e-30
  53  48   1.0000000e-30
  53  49   1.0000000e-30
  53  50   1.0000000e-30
  53  51   1.0000000e-30
  53  52   1.0000000e-30
  53  53   1.0000000e-30
  53  54   1.0000000e-30
  53  55   1.0000000e-30
  53  56   1.0000000e-30
  53  57   1.0000000e-30
  53  58   1.0000000e-30
  53  59   1.0000000e-30
  53  60   1.0000000e-30
  53  61   1.0000000e-30
  53  62   1.0000000e-30
  53  63   1.0000000e-30
  53  64   1.0000000e-30
  53  65   1.0000000e-30
  53  66   1.0000000e-30
  53  67   1.0000000e-30
  53  68   1.0000000e-30
  53  69   1.0000000e-30
  53  70   1.1597600e-12
  53  71   1.0000000e-30
  53  72   1.0000000e-30
  53  73   1.0000000e-30
  53  74   1.0000000e-30
  53  75   9.1780500e-07
  53  76   3.8491800e-12
  53  77   4.6900000e-05
  53  78   2.2929100e-04
  53  79   2.6574100e-03
  53  80   1.1072610e-02
  53  81   2.6195700e-02
  53  82   4.2865600e-02
  53  83   2.8910830e-02
  53  84   2.2989700e-02
  53  85   1.2715000e-02
  53  86   3.1873200e-03
  53  87   5.9436400e-04
  53  88   7.0273100e-05
  53  89   2.4724800e-05
  53  90   1.1508800e-07
  53  91   6.0182000e-09
  53  92   2.7244600e-11
  53  93   6.0915000e-13
  53  94   1.0000000e-30
  53  95   1.0000000e-30
  53  96   1.0000000e-30
  53  97   1.0000000e-30
  53  98   1.0000000e-30
  53  99   1.0000000e-30
  53 100   1.0000000e-30
  53 101   1.0000000e-30
  53 102   1.0000000e-30
  53 103   1.0000000e-30
  53 104   1.0000000e-30
  53 105   1.0000000e-30
  53 106   1.0000000e-30
  53 107   1.0000000e-30
  53 108   1.0000000e-30
  54  36   1.0000000e-30
  54  37   1.0000000e-30
  54  38   1.0000000e-30
  54  39   1.0000000e-30
  54  40   1.0000000e-30
  54  41   1.0000000e-30
  54  42   1.0000000e-30
  54  43   1.0000000e-30
  54  44   1.0000000e-30
  54  45   1.0000000e-30
  54  46   1.0000000e-30
  54  47   1.0000000e-30
  54  48   1.0000000e-30
  54  49   1.0000000e-30
  54  50   1.0000000e-30
  54  51   1.0000000e-30
  54  52   1.0000000e-30
  54  53   1.0000000e-30
  54  54   1.0000000e-30
  54  55   1.0000000e-30
  54  56   1.0000000e-30
  54  57   1.0000000e-30
  54  58   1.0000000e-30
  54  59   1.0000000e-30
  54  60   1.0000000e-30
  54  61   1.0000000e-30
  54  62   1.0000000e-30
  54  63   1.0000000e-30
  54  64   1.0000000e-30
  54  65   1.0000000e-30
  54  66   1.0000000e-30
  54  67   1.0000000e-30
  54  68   1.0000000e-30
  54  69   1.0000000e-30
  54  70   1.0000000e-30
  54  71   1.0000000e-30
  54  72   1.0000000e-30
  54  73   1.0000000e-30
  54  74   1.9295900e-11
  54  75   1.0000000e-30
  54  76   2.9393700e-08
  54  77   4.2290900e-07
  54  78   1.2816760e-05
  54  79   4.3237900e-04
  54  80   2.4468040e-03
  54  81   1.0661980e-02
  54  82   3.4784600e-02
  54  83   3.6831500e-02
  54  84   3.9249000e-02
  54  85   2.7913600e-02
  54  86   1.5401600e-02
  54  87   4.7328900e-03
  54  88   1.4094600e-03
  54  89   1.1761000e-04
  54  90   7.4224100e-06
  54  91   5.6685300e-07
  54  92   1.5296100e-08
  54  93   2.4554900e-11
  54  94   9.0880700e-13
  54  95   1.0000000e-30
  54  96   1.0000000e-30
  54  97   1.0000000e-30
  54  98   1.0000000e-30
  54  99   1.0000000e-30
  54 100   1.0000000e-30
  54 101   1.0000000e-30
  54 102   1.0000000e-30
  54 103   1.0000000e-30
  54 104   1.0000000e-30
  54 105   1.0000000e-30
  54 106   1.0000000e-30
  54 107   1.0000000e-30
  54 108   1.0000000e-30
  55  36   1.0000000e-30
  55  37   1.0000000e-30
  55  38   1.0000000e-30
  55  39   1.0000000e-30
  55  40   1.0000000e-30
  55  41   1.0000000e-30
  55  42   1.0000000e-30
  55  43   1.0000000e-30
  55  44   1.0000000e-30
  55  45   1.0000000e-30
  55  46   1.0000000e-30
  55  47   1.0000000e-30
  55  48   1.0000000e-30
  55  49   1.0000000e-30
  55  50   1.0000000e-30
  55  51   1.0000000e-30
  55  52   1.0000000e-30
  55  53   1.0000000e-30
  55  54   1.0000000e-30
  55  55   1.0000000e-30
  55  56   1.0000000e-30
  55  57   1.0000000e-30
  55  58   1.0000000e-30
  55  59   1.0000000e-30
  55  60   1.0000000e-30
  55  61   1.0000000e-30
  55  62   1.0000000e-30
  55  63   1.0000000e-30
  55  64   1.0000000e-30
  55  65   1.0000000e-30
  55  66   1.0000000e-30
  55  67   1.0000000e-30
  55  68   1.0000000e-30
  55  69   1.0000000e-30
  55  70   1.0000000e-30
  55  71   1.0000000e-30
  55  72   1.0000000e-30
  55  73   1.0000000e-30
  55  74   1.0000000e-30
  55  75   1.0000000e-30
  55  76   2.6194500e-11
  55  77   2.9793600e-09
  55  78   2.0395600e-07
  55  79   6.6985800e-06
  55  80   1.2601320e-04
  55  81   9.7415400e-04
  55  82   5.9719700e-03
  55  83   9.0088000e-03
  55  84   2.3236800e-02
  55  85   2.2761200e-02
  55  86   2.8665300e-02
  55  87   1.3963300e-02
  55  88   6.7966200e-03
  55  89   1.5763300e-03
  55  90   2.7967100e-04
  55  91   2.1265400e-05
  55  92   3.4477600e-07
  55  93   1.5096800e-08
  55  94   1.0426900e-10
  55  95   6.3386500e-12
  55  96   3.3327400e-13
  55  97   1.0000000e-30
  55  98   1.0000000e-30
  55  99   1.0000000e-30
  55 100   1.0000000e-30
  55 101   1.0000000e-30
  55 102   1.0000000e-30
  55 103   1.0000000e-30
  55 104   1.0000000e-30
  55 105   1.0000000e-30
  55 106   1.0000000e-30
  55 107   1.0000000e-30
  55 108   1.0000000e-30
  56  36   1.0000000e-30
  56  37   1.0000000e-30
  56  38   1.0000000e-30
  56  39   1.0000000e-30
  56  40   1.0000000e-30
  56  41   1.0000000e-30
  56  42   1.0000000e-30
  56  43   1.0000000e-30
  56  44   1.0000000e-30
  56  45   1.0000000e-30
  56  46   1.0000000e-30
  56  47   1.0000000e-30
  56  48   1.0000000e-30
  56  49   1.0000000e-30
  56  50   1.0000000e-30
  56  51   1.0000000e-30
  56  52   1.0000000e-30
  56  53   1.0000000e-30
  56  54   1.0000000e-30
  56  55   1.0000000e-30
  56  56   1.0000000e-30
  56  57   1.0000000e-30
  56  58   1.0000000e-30
  56  59   1.0000000e-30
  56  60   1.0000000e-30
  56  61   1.0000000e-30
  56  62   1.0000000e-30
  56  63   1.0000000e-30
  56  64   1.0000000e-30
  56  65   1.0000000e-30
  56  66   1.0000000e-30
  56  67   1.0000000e-30
  56  68   1.0000000e-30
  56  69   1.0000000e-30
  56  70   1.0000000e-30
  56  71   1.0000000e-30
  56  72   1.0000000e-30
  56  73   1.0000000e-30
  56  74   1.0000000e-30
  56  75   1.0000000e-30
  56  76   5.9387400e-14
  56  77   6.8977700e-13
  56  78   2.0195800e-09
  56  79   1.2197400e-07
  56  80   4.9389600e-06
  56  81   6.3696500e-05
  56  82   5.2574900e-04
  56  83   2.2626400e-03
  56  84   1.4798500e-02
  56  85   1.8275000e-02
  56  86   3.0763200e-02
  56  87   2.8856400e-02
  56  88   2.1560600e-02
  56  89   8.0275300e-03
  56  90   2.3753800e-03
  56  91   3.5233100e-04
  56  92   2.6424400e-05
  56  93   2.1694400e-06
  56  94   1.1997500e-07
  56  95   6.9341500e-09
  56  96   5.3588600e-11
  56  97   6.0590900e-13
  56  98   1.0000000e-30
  56  99   1.0000000e-30
  56 100   1.0000000e-30
  56 101   1.0000000e-30
  56 102   1.0000000e-30
  56 103   1.0000000e-30
  56 104   1.0000000e-30
  56 105   1.0000000e-30
  56 106   1.0000000e-30
  56 107   1.0000000e-30
  56 108   1.0000000e-30
  57  36   1.0000000e-30
  57  37   1.0000000e-30
  57  38   1.0000000e-30
  57  39   1.0000000e-30
  57  40   1.0000000e-30
  57  41   1.0000000e-30
  57  42   1.0000000e-30
  57  43   1.0000000e-30
  57  44   1.0000000e-30
  57  45   1.0000000e-30
  57  46   1.0000000e-30
  57  47   1.0000000e-30
  57  48   1.0000000e-30
  57  49   1.0000000e-30
  57  50   1.0000000e-30
  57  51   1.0000000e-30
  57  52   1.0000000e-30
  57  53   1.0000000e-30
  57  54   1.0000000e-30
  57  55   1.0000000e-30
  57  56   1.0000000e-30
  57  57   1.0000000e-30
  57  58   1.0000000e-30
  57  59   1.0000000e-30
  57  60   1.0000000e-30
  57  61   1.0000000e-30
  57  62   1.0000000e-30
  57  63   1.0000000e-30
  57  64   1.0000000e-30
  57  65   1.0000000e-30
  57  66   1.0000000e-30
  57  67   1.0000000e-30
  57  68   1.0000000e-30
  57  69   1.0000000e-30
  57  70   1.0000000e-30
  57  71   1.0000000e-30
  57  72   1.0000000e-30
  57  73   1.0000000e-30
  57  74   1.0000000e-30
  57  75   1.0000000e-30
  57  76   1.0000000e-30
  57  77   1.0000000e-30
  57  78   3.8591800e-12
  57  79   1.0000000e-30
  57  80   2.8194100e-08
  57  81   6.1586900e-07
  57  82   1.0287800e-05
  57  83   1.0194900e-04
  57  84   7.2115700e-04
  57  85   2.9925100e-03
  57  86   8.1498700e-03
  57  87   1.3089900e-02
  57  88   1.6964900e-02
  57  89   1.1611140e-02
  57  90   6.1045200e-03
  57  91   1.1703100e-03
  57  92   3.6326300e-04
  57  93   5.2109000e-05
  57  94   4.7820500e-06
  57  95   2.4094900e-07
  57  96   8.5075900e-09
  57  97   1.8196200e-10
  57  98   1.6625400e-12
  57  99   4.8970900e-14
  57 100   1.0000000e-30
  57 101   1.0000000e-30
  57 102   1.0000000e-30
  57 103   1.0000000e-30
  57 104   1.0000000e-30
  57 105   1.0000000e-30
  57 106   1.0000000e-30
  57 107   1.0000000e-30
  57 108   1.0000000e-30
  58  36   1.0000000e-30
  58  37   1.0000000e-30
  58  38   1.0000000e-30
  58  39   1.0000000e-30
  58  40   1.0000000e-30
  58  41   1.0000000e-30
  58  42   1.0000000e-30
  58  43   1.0000000e-30
  58  44   1.0000000e-30
  58  45   1.0000000e-30
  58  46   1.0000000e-30
  58  47   1.0000000e-30
  58  48   1.0000000e-30
  58  49   1.0000000e-30
  58  50   1.0000000e-30
  58  51   1.0000000e-30
  58  52   1.0000000e-30
  58  53   1.0000000e-30
  58  54   1.0000000e-30
  58  55   1.0000000e-30
  58  56   1.0000000e-30
  58  57   1.0000000e-30
  58  58   1.0000000e-30
  58  59   1.0000000e-30
  58  60   1.0000000e-30
  58  61   1.0000000e-30
  58  62   1.0000000e-30
  58  63   1.0000000e-30
  58  64   1.0000000e-30
  58  65   1.0000000e-30
  58  66   1.0000000e-30
  58  67   1.0000000e-30
  58  68   1.0000000e-30
  58  69   1.0000000e-30
  58  70   1.0000000e-30
  58  71   1.0000000e-30
  58  72   1.0000000e-30
  58  73   1.0000000e-30
  58  74   1.0000000e-30
  58  75   1.0000000e-30
  58  76   1.0000000e-30
  58  77   1.0000000e-30
  58  78   1.0000000e-30
  58  79   7.6303600e-14
  58  80   6.8913500e-12
  58  81   3.3792800e-09
  58  82   1.3097200e-07
  58  83   2.2895100e-06
  58  84   3.5662500e-05
  58  85   2.6652400e-04
  58  86   1.1638500e-03
  58  87   4.5614700e-03
  58  88   1.0375800e-02
  58  89   1.2161300e-02
  58  90   8.9018300e-03
  58  91   5.6188600e-03
  58  92   2.7793600e-03
  58  93   5.5614430e-04
  58  94   1.1805500e-04
  58  95   1.0607800e-05
  58  96   8.5681800e-07
  58  97   3.4591000e-08
  58  98   1.2296900e-09
  58  99   1.7896200e-11
  58 100   1.8596100e-13
  58 101   2.9405400e-15
  58 102   1.0000000e-30
  58 103   1.0000000e-30
  58 104   1.0000000e-30
  58 105   1.0000000e-30
  58 106   1.0000000e-30
  58 107   1.0000000e-30
  58 108   1.0000000e-30
  59  36   1.0000000e-30
  59  37   1.0000000e-30
  59  38   1.0000000e-30
  59  39   1.0000000e-30
  59  40   1.0000000e-30
  59  41   1.0000000e-30
  59  42   1.0000000e-30
  59  43   1.0000000e-30
  59  44   1.0000000e-30
  59  45   1.0000000e-30
  59  46   1.0000000e-30
  59  47   1.0000000e-30
  59  48   1.0000000e-30
  59  49   1.0000000e-30
  59  50   1.0000000e-30
  59  51   1.0000000e-30
  59  52   1.0000000e-30
  59  53   1.0000000e-30
  59  54   1.0000000e-30
  59  55   1.0000000e-30
  59  56   1.0000000e-30
  59  57   1.0000000e-30
  59  58   1.0000000e-30
  59  59   1.0000000e-30
  59  60   1.0000000e-30
  59  61   1.0000000e-30
  59  62   1.0000000e-30
  59  63   1.0000000e-30
  59  64   1.0000000e-30
  59  65   1.0000000e-30
  59  66   1.0000000e-30
  59  67   1.0000000e-30
  59  68   1.0000000e-30
  59  69   1.0000000e-30
  59  70   1.0000000e-30
  59  71   1.0000000e-30
  59  72   1.0000000e-30
  59  73   1.0000000e-30
  59  74   1.0000000e-30
  59  75   1.0000000e-30
  59  76   1.0000000e-30
  59  77   1.0000000e-30
  59  78   1.0000000e-30
  59  79   1.0000000e-30
  59  80   3.5492500e-14
  59  81   3.7692000e-12
  59  82   2.5294600e-10
  59  83   1.0897680e-08
  59  84   3.3592900e-07
  59  85   3.6552280e-06
  59  86   5.7757800e-05
  59  87   1.9467900e-04
  59  88   1.3911900e-03
  59  89   6.1779200e-03
  59  90   5.6817900e-03
  59  91   5.0929700e-03
  59  92   3.7201200e-03
  59  93   1.6045200e-03
  59  94   4.9301500e-04
  59  95   9.6979400e-05
  59  96   1.4286900e-05
  59  97   1.2997200e-06
  59  98   7.1884700e-08
  59  99   1.9595900e-09
  59 100   4.1288200e-11
  59 101   4.7589900e-13
  59 102   5.4296800e-15
  59 103   6.9674100e-17
  59 104   1.0000000e-30
  59 105   1.0000000e-30
  59 106   1.0000000e-30
  59 107   1.0000000e-30
  59 108   1.0000000e-30
  60  36   1.0000000e-30
  60  37   1.0000000e-30
  60  38   1.0000000e-30
  60  39   1.0000000e-30
  60  40   1.0000000e-30
  60  41   1.0000000e-30
  60  42   1.0000000e-30
  60  43   1.0000000e-30
  60  44   1.0000000e-30
  60  45   1.0000000e-30
  60  46   1.0000000e-30
  60  47   1.0000000e-30
  60  48   1.0000000e-30
  60  49   1.0000000e-30
  60  50   1.0000000e-30
  60  51   1.0000000e-30
  60  52   1.0000000e-30
  60  53   1.0000000e-30
  60  54   1.0000000e-30
  60  55   1.0000000e-30
  60  56   1.0000000e-30
  60  57   1.0000000e-30
  60  58   1.0000000e-30
  60  59   1.0000000e-30
  60  60   1.0000000e-30
  60  61   1.0000000e-30
  60  62   1.0000000e-30
  60  63   1.0000000e-30
  60  64   1.0000000e-30
  60  65   1.0000000e-30
  60  66   1.0000000e-30
  60  67   1.0000000e-30
  60  68   1.0000000e-30
  60  69   1.0000000e-30
  60  70   1.0000000e-30
  60  71   1.0000000e-30
  60  72   1.0000000e-30
  60  73   1.0000000e-30
  60  74   1.0000000e-30
  60  75   1.0000000e-30
  60  76   1.0000000e-30
  60  77   1.0000000e-30
  60  78   1.0000000e-30
  60  79   1.0000000e-30
  60  80   1.0000000e-30
  60  81   1.0000000e-30
  60  82   3.4592700e-13
  60  83   2.9093800e-11
  60  84   1.3697100e-09
  60  85   5.9287400e-08
  60  86   8.1082800e-07
  60  87   1.5866600e-05
  60  88   1.3727100e-04
  60  89   4.9816400e-04
  60  90   1.7366900e-03
  60  91   2.9184400e-03
  60  92   3.7004200e-03
  60  93   2.4039900e-03
  60  94   1.5068900e-03
  60  95   5.0709300e-04
  60  96   1.6008600e-04
  60  97   2.1815300e-05
  60  98   2.1895300e-06
  60  99   1.1897500e-07
  60 100   5.0589300e-09
  60 101   1.1297000e-10
  60 102   1.7495600e-12
  60 103   1.3097200e-14
  60 104   1.0000000e-30
  60 105   1.0000000e-30
  60 106   1.0000000e-30
  60 107   1.0000000e-30
  60 108   1.0000000e-30
  61  36   1.0000000e-30
  61  37   1.0000000e-30
  61  38   1.0000000e-30
  61  39   1.0000000e-30
  61  40   1.0000000e-30
  61  41   1.0000000e-30
  61  42   1.0000000e-30
  61  43   1.0000000e-30
  61  44   1.0000000e-30
  61  45   1.0000000e-30
  61  46   1.0000000e-30
  61  47   1.0000000e-30
  61  48   1.0000000e-30
  61  49   1.0000000e-30
  61  50   1.0000000e-30
  61  51   1.0000000e-30
  61  52   1.0000000e-30
  61  53   1.0000000e-30
  61  54   1.0000000e-30
  61  55   1.0000000e-30
  61  56   1.0000000e-30
  61  57   1.0000000e-30
  61  58   1.0000000e-30
  61  59   1.0000000e-30
  61  60   1.0000000e-30
  61  61   1.0000000e-30
  61  62   1.0000000e-30
  61  63   1.0000000e-30
  61  64   1.0000000e-30
  61  65   1.0000000e-30
  61  66   1.0000000e-30
  61  67   1.0000000e-30
  61  68   1.0000000e-30
  61  69   1.0000000e-30
  61  70   1.0000000e-30
  61  71   1.0000000e-30
  61  72   1.0000000e-30
  61  73   1.0000000e-30
  61  74   1.0000000e-30
  61  75   1.0000000e-30
  61  76   1.0000000e-30
  61  77   1.0000000e-30
  61  78   1.0000000e-30
  61  79   1.0000000e-30
  61  80   1.0000000e-30
  61  81   1.0000000e-30
  61  82   1.0000000e-30
  61  83   1.1197700e-14
  61  84   1.9995800e-12
  61  85   7.8883200e-11
  61  86   6.4886200e-09
  61  87   5.7587700e-08
  61  88   2.4294800e-06
  61  89   1.1497600e-05
  61  90   1.0767700e-04
  61  91   3.3440940e-04
  61  92   6.8302500e-04
  61  93   8.9856900e-04
  61  94   9.2084500e-04
  61  95   6.2121800e-04
  61  96   2.7403200e-04
  61  97   6.3856400e-05
  61  98   1.2207400e-05
  61  99   1.2597300e-06
  61 100   1.0397800e-07
  61 101   4.1591200e-09
  61 102   1.1897500e-10
  61 103   1.7196400e-12
  61 104   2.2195300e-14
  61 105   1.7319000e-16
  61 106   1.0000000e-30
  61 107   1.0000000e-30
  61 108   1.0000000e-30
  62  36   1.0000000e-30
  62  37   1.0000000e-30
  62  38   1.0000000e-30
  62  39   1.0000000e-30
  62  40   1.0000000e-30
  62  41   1.0000000e-30
  62  42   1.0000000e-30
  62  43   1.0000000e-30
  62  44   1.0000000e-30
  62  45   1.0000000e-30
  62  46   1.0000000e-30
  62  47   1.0000000e-30
  62  48   1.0000000e-30
  62  49   1.0000000e-30
  62  50   1.0000000e-30
  62  51   1.0000000e-30
  62  52   1.0000000e-30
  62  53   1.0000000e-30
  62  54   1.0000000e-30
  62  55   1.0000000e-30
  62  56   1.0000000e-30
  62  57   1.0000000e-30
  62  58   1.0000000e-30
  62  59   1.0000000e-30
  62  60   1.0000000e-30
  62  61   1.0000000e-30
  62  62   1.0000000e-30
  62  63   1.0000000e-30
  62  64   1.0000000e-30
  62  65   1.0000000e-30
  62  66   1.0000000e-30
  62  67   1.0000000e-30
  62  68   1.0000000e-30
  62  69   1.0000000e-30
  62  70   1.0000000e-30
  62  71   1.0000000e-30
  62  72   1.0000000e-30
  62  73   1.0000000e-30
  62  74   1.0000000e-30
  62  75   1.0000000e-30
  62  76   1.0000000e-30
  62  77   1.0000000e-30
  62  78   1.0000000e-30
  62  79   1.0000000e-30
  62  80   1.0000000e-30
  62  81   1.0000000e-30
  62  82   1.0000000e-30
  62  83   1.0000000e-30
  62  84   1.0000000e-30
  62  85   1.8296100e-13
  62  86   1.8996000e-11
  62  87   8.1882600e-10
  62  88   2.5394600e-08
  62  89   3.8491800e-07
  62  90   4.2990900e-06
  62  91   2.0256020e-05
  62  92   9.3740100e-05
  62  93   2.1270400e-04
  62  94   4.4549600e-04
  62  95   4.1057300e-04
  62  96   2.9293700e-04
  62  97   1.2121500e-04
  62  98   3.9911500e-05
  62  99   7.7983400e-06
  62 100   1.1097700e-06
  62 101   7.9483100e-08
  62 102   4.1691200e-09
  62 103   1.3997000e-10
  62 104   4.3489000e-12
  62 105   3.4591000e-14
  62 106   1.0000000e-30
  62 107   1.0000000e-30
  62 108   1.0000000e-30
  63  36   1.0000000e-30
  63  37   1.0000000e-30
  63  38   1.0000000e-30
  63  39   1.0000000e-30
  63  40   1.0000000e-30
  63  41   1.0000000e-30
  63  42   1.0000000e-30
  63  43   1.0000000e-30
  63  44   1.0000000e-30
  63  45   1.0000000e-30
  63  46   1.0000000e-30
  63  47   1.0000000e-30
  63  48   1.0000000e-30
  63  49   1.0000000e-30
  63  50   1.0000000e-30
  63  51   1.0000000e-30
  63  52   1.0000000e-30
  63  53   1.0000000e-30
  63  54   1.0000000e-30
  63  55   1.0000000e-30
  63  56   1.0000000e-30
  63  57   1.0000000e-30
  63  58   1.0000000e-30
  63  59   1.0000000e-30
  63  60   1.0000000e-30
  63  61   1.0000000e-30
  63  62   1.0000000e-30
  63  63   1.0000000e-30
  63  64   1.0000000e-30
  63  65   1.0000000e-30
  63  66   1.0000000e-30
  63  67   1.0000000e-30
  63  68   1.0000000e-30
  63  69   1.0000000e-30
  63  70   1.0000000e-30
  63  71   1.0000000e-30
  63  72   1.0000000e-30
  63  73   1.0000000e-30
  63  74   1.0000000e-30
  63  75   1.0000000e-30
  63  76   1.0000000e-30
  63  77   1.0000000e-30
  63  78   1.0000000e-30
  63  79   1.0000000e-30
  63  80   1.0000000e-30
  63  81   1.0000000e-30
  63  82   1.0000000e-30
  63  83   1.0000000e-30
  63  84   1.0000000e-30
  63  85   1.0000000e-30
  63  86   1.0000000e-30
  63  87   1.0000000e-30
  63  88   4.5490300e-11
  63  89   1.3577118e-09
  63  90   2.5094700e-08
  63  91   2.7994000e-07
  63  92   1.9295900e-06
  63  93   1.1777500e-05
  63  94   3.4572700e-05
  63  95   5.3788500e-05
  63  96   6.8405500e-05
  63  97   4.5890200e-05
  63  98   2.7664200e-05
  63  99   8.6281600e-06
  63 100   2.0695600e-06
  63 101   2.5194700e-07
  63 102   3.0393500e-08
  63 103   2.3894900e-09
  63 104   6.9285300e-11
  63 105   1.2297300e-12
  63 106   2.2693600e-14
  63 107   1.8950500e-16
  63 108   1.0000000e-30
  64  36   1.0000000e-30
  64  37   1.0000000e-30
  64  38   1.0000000e-30
  64  39   1.0000000e-30
  64  40   1.0000000e-30
  64  41   1.0000000e-30
  64  42   1.0000000e-30
  64  43   1.0000000e-30
  64  44   1.0000000e-30
  64  45   1.0000000e-30
  64  46   1.0000000e-30
  64  47   1.0000000e-30
  64  48   1.0000000e-30
  64  49   1.0000000e-30
  64  50   1.0000000e-30
  64  51   1.0000000e-30
  64  52   1.0000000e-30
  64  53   1.0000000e-30
  64  54   1.0000000e-30
  64  55   1.0000000e-30
  64  56   1.0000000e-30
  64  57   1.0000000e-30
  64  58   1.0000000e-30
  64  59   1.0000000e-30
  64  60   1.0000000e-30
  64  61   1.0000000e-30
  64  62   1.0000000e-30
  64  63   1.0000000e-30
  64  64   1.0000000e-30
  64  65   1.0000000e-30
  64  66   1.0000000e-30
  64  67   1.0000000e-30
  64  68   1.0000000e-30
  64  69   1.0000000e-30
  64  70   1.0000000e-30
  64  71   1.0000000e-30
  64  72   1.0000000e-30
  64  73   1.0000000e-30
  64  74   1.0000000e-30
  64  75   1.0000000e-30
  64  76   1.0000000e-30
  64  77   1.0000000e-30
  64  78   1.0000000e-30
  64  79   1.0000000e-30
  64  80   1.0000000e-30
  64  81   1.0000000e-30
  64  82   1.0000000e-30
  64  83   1.0000000e-30
  64  84   1.0000000e-30
  64  85   1.0000000e-30
  64  86   1.0000000e-30
  64  87   1.0000000e-30
  64  88   4.4290600e-14
  64  89   2.1695400e-12
  64  90   9.2580400e-11
  64  91   1.8062190e-09
  64  92   3.9391600e-08
  64  93   2.8993800e-07
  64  94   1.5196800e-06
  64  95   4.5290300e-06
  64  96   9.6679500e-06
  64  97   1.2547300e-05
  64  98   1.1937500e-05
  64  99   5.9887300e-06
  64 100   2.2195300e-06
  64 101   5.9587400e-07
  64 102   1.5896600e-07
  64 103   1.0797700e-08
  64 104   6.9885100e-10
  64 105   3.2893000e-11
  64 106   8.0882800e-13
  64 107   2.3993800e-14
  64 108   3.6563000e-16
  65  36   1.0000000e-30
  65  37   1.0000000e-30
  65  38   1.0000000e-30
  65  39   1.0000000e-30
  65  40   1.0000000e-30
  65  41   1.0000000e-30
  65  42   1.0000000e-30
  65  43   1.0000000e-30
  65  44   1.0000000e-30
  65  45   1.0000000e-30
  65  46   1.0000000e-30
  65  47   1.0000000e-30
  65  48   1.0000000e-30
  65  49   1.0000000e-30
  65  50   1.0000000e-30
  65  51   1.0000000e-30
  65  52   1.0000000e-30
  65  53   1.0000000e-30
  65  54   1.0000000e-30
  65  55   1.0000000e-30
  65  56   1.0000000e-30
  65  57   1.0000000e-30
  65  58   1.0000000e-30
  65  59   1.0000000e-30
  65  60   1.0000000e-30
  65  61   1.0000000e-30
  65  62   1.0000000e-30
  65  63   1.0000000e-30
  65  64   1.0000000e-30
  65  65   1.0000000e-30
  65  66   1.0000000e-30
  65  67   1.0000000e-30
  65  68   1.0000000e-30
  65  69   1.0000000e-30
  65  70   1.0000000e-30
  65  71   1.0000000e-30
  65  72   1.0000000e-30
  65  73   1.0000000e-30
  65  74   1.0000000e-30
  65  75   1.0000000e-30
  65  76   1.0000000e-30
  65  77   1.0000000e-30
  65  78   1.0000000e-30
  65  79   1.0000000e-30
  65  80   1.0000000e-30
  65  81   1.0000000e-30
  65  82   1.0000000e-30
  65  83   1.0000000e-30
  65  84   1.0000000e-30
  65  85   1.0000000e-30
  65  86   1.0000000e-30
  65  87   1.0000000e-30
  65  88   1.0000000e-30
  65  89   1.0000000e-30
  65  90   4.6490100e-14
  65  91   1.4460890e-12
  65  92   8.1682700e-11
  65  93   1.3100513e-09
  65  94   1.2797200e-08
  65  95   6.2786600e-08
  65  96   2.8493900e-07
  65  97   6.2386700e-07
  65  98   1.0097900e-06
  65  99   7.7483500e-07
  65 100   6.3286500e-07
  65 101   3.5492500e-07
  65 102   7.4484200e-08
  65 103   1.0897700e-08
  65 104   1.7596300e-09
  65 105   1.0297800e-10
  65 106   1.1197700e-11
  65 107   4.0691400e-13
  65 108   1.0000000e-30
  66  36   1.0000000e-30
  66  37   1.0000000e-30
  66  38   1.0000000e-30
  66  39   1.0000000e-30
  66  40   1.0000000e-30
  66  41   1.0000000e-30
  66  42   1.0000000e-30
  66  43   1.0000000e-30
  66  44   1.0000000e-30
  66  45   1.0000000e-30
  66  46   1.0000000e-30
  66  47   1.0000000e-30
  66  48   1.0000000e-30
  66  49   1.0000000e-30
  66  50   1.0000000e-30
  66  51   1.0000000e-30
  66  52   1.0000000e-30
  66  53   1.0000000e-30
  66  54   1.0000000e-30
  66  55   1.0000000e-30
  66  56   1.0000000e-30
  66  57   1.0000000e-30
  66  58   1.0000000e-30
  66  59   1.0000000e-30
  66  60   1.0000000e-30
  66  61   1.0000000e-30
  66  62   1.0000000e-30
  66  63   1.0000000e-30
  66  64   1.0000000e-30
  66  65   1.0000000e-30
  66  66   1.0000000e-30
  66  67   1.0000000e-30
  66  68   1.0000000e-30
  66  69   1.0000000e-30
  66  70   1.0000000e-30
  66  71   1.0000000e-30
  66  72   1.0000000e-30
  66  73   1.0000000e-30
  66  74   1.0000000e-30
  66  75   1.0000000e-30
  66  76   1.0000000e-30
  66  77   1.0000000e-30
  66  78   1.0000000e-30
  66  79   1.0000000e-30
  66  80   1.0000000e-30
  66  81   1.0000000e-30
  66  82   1.0000000e-30
  66  83   1.0000000e-30
  66  84   1.0000000e-30
  66  85   1.0000000e-30
  66  86   1.0000000e-30
  66  87   1.0000000e-30
  66  88   1.0000000e-30
  66  89   1.0000000e-30
  66  90   1.0000000e-30
  66  91   1.0000000e-30
  66  92   8.5381800e-14
  66  93   2.5894500e-12
  66  94   4.6790000e-11
  66  95   5.5288200e-10
  66  96   4.3890700e-09
  66  97   1.7396300e-08
  66  98   4.4790400e-08
  66  99   8.3182400e-08
  66 100   1.4796800e-07
  66 101   6.3786400e-08
  66 102   2.8294000e-08
  66 103   9.7079400e-09
  66 104   1.7696300e-09
  66 105   4.4290600e-10
  66 106   5.6188100e-11
  66 107   1.0000000e-30
  66 108   1.0000000e-30
  67  36   1.0000000e-30
  67  37   1.0000000e-30
  67  38   1.0000000e-30
  67  39   1.0000000e-30
  67  40   1.0000000e-30
  67  41   1.0000000e-30
  67  42   1.0000000e-30
  67  43   1.0000000e-30
  67  44   1.0000000e-30
  67  45   1.0000000e-30
  67  46   1.0000000e-30
  67  47   1.0000000e-30
  67  48   1.0000000e-30
  67  49   1.0000000e-30
  67  50   1.0000000e-30
  67  51   1.0000000e-30
  67  52   1.0000000e-30
  67  53   1.0000000e-30
  67  54   1.0000000e-30
  67  55   1.0000000e-30
  67  56   1.0000000e-30
  67  57   1.0000000e-30
  67  58   1.0000000e-30
  67  59   1.0000000e-30
  67  60   1.0000000e-30
  67  61   1.0000000e-30
  67  62   1.0000000e-30
  67  63   1.0000000e-30
  67  64   1.0000000e-30
  67  65   1.0000000e-30
  67  66   1.0000000e-30
  67  67   1.0000000e-30
  67  68   1.0000000e-30
  67  69   1.0000000e-30
  67  70   1.0000000e-30
  67  71   1.0000000e-30
  67  72   1.0000000e-30
  67  73   1.0000000e-30
  67  74   1.0000000e-30
  67  75   1.0000000e-30
  67  76   1.0000000e-30
  67  77   1.0000000e-30
  67  78   1.0000000e-30
  67  79   1.0000000e-30
  67  80   1.0000000e-30
  67  81   1.0000000e-30
  67  82   1.0000000e-30
  67  83   1.0000000e-30
  67  84   1.0000000e-30
  67  85   1.0000000e-30
  67  86   1.0000000e-30
  67  87   1.0000000e-30
  67  88   1.0000000e-30
  67  89   1.0000000e-30
  67  90   1.0000000e-30
  67  91   1.0000000e-30
  67  92   1.0000000e-30
  67  93   1.0000000e-30
  67  94   2.6611200e-14
  67  95   7.3684300e-13
  67  96   1.1007660e-11
  67  97   7.0385000e-11
  67  98   4.7589900e-10
  67  99   1.8835950e-09
  67 100   2.9293700e-09
  67 101   2.7119400e-09
  67 102   3.1193400e-09
  67 103   1.1657530e-09
  67 104   8.8681200e-10
  67 105   2.4094900e-10
  67 106   1.0000000e-30
  67 107   1.0000000e-30
  67 108   1.0000000e-30
  68  36   1.0000000e-30
  68  37   1.0000000e-30
  68  38   1.0000000e-30
  68  39   1.0000000e-30
  68  40   1.0000000e-30
  68  41   1.0000000e-30
  68  42   1.0000000e-30
  68  43   1.0000000e-30
  68  44   1.0000000e-30
  68  45   1.0000000e-30
  68  46   1.0000000e-30
  68  47   1.0000000e-30
  68  48   1.0000000e-30
  68  49   1.0000000e-30
  68  50   1.0000000e-30
  68  51   1.0000000e-30
  68  52   1.0000000e-30
  68  53   1.0000000e-30
  68  54   1.0000000e-30
  68  55   1.0000000e-30
  68  56   1.0000000e-30
  68  57   1.0000000e-30
  68  58   1.0000000e-30
  68  59   1.0000000e-30
  68  60   1.0000000e-30
  68  61   1.0000000e-30
  68  62   1.0000000e-30
  68  63   1.0000000e-30
  68  64   1.0000000e-30
  68  65   1.0000000e-30
  68  66   1.0000000e-30
  68  67   1.0000000e-30
  68  68   1.0000000e-30
  68  69   1.0000000e-30
  68  70   1.0000000e-30
  68  71   1.0000000e-30
  68  72   1.0000000e-30
  68  73   1.0000000e-30
  68  74   1.0000000e-30
  68  75   1.0000000e-30
  68  76   1.0000000e-30
  68  77   1.0000000e-30
  68  78   1.0000000e-30
  68  79   1.0000000e-30
  68  80   1.0000000e-30
  68  81   1.0000000e-30
  68  82   1.0000000e-30
  68  83   1.0000000e-30
  68  84   1.0000000e-30
  68  85   1.0000000e-30
  68  86   1.0000000e-30
  68  87   1.0000000e-30
  68  88   1.0000000e-30
  68  89   1.0000000e-30
  68  90   1.0000000e-30
  68  91   1.0000000e-30
  68  92   1.0000000e-30
  68  93   1.0000000e-30
  68  94   1.0000000e-30
  68  95   1.0000000e-30
  68  96   1.1997500e-14
  68  97   2.1095500e-13
  68  98   3.1393300e-12
  68  99   1.2067470e-11
  68 100   4.3190900e-11
  68 101   1.1097700e-10
  68 102   1.3497100e-10
  68 103   2.2695200e-10
  68 104   1.9096000e-10
  68 105   1.0000000e-30
  68 106   1.0000000e-30
  68 107   1.0000000e-30
  68 108   1.0000000e-30
  69  36   1.0000000e-30
  69  37   1.0000000e-30
  69  38   1.0000000e-30
  69  39   1.0000000e-30
  69  40   1.0000000e-30
  69  41   1.0000000e-30
  69  42   1.0000000e-30
  69  43   1.0000000e-30
  69  44   1.0000000e-30
  69  45   1.0000000e-30
  69  46   1.0000000e-30
  69  47   1.0000000e-30
  69  48   1.0000000e-30
  69  49   1.0000000e-30
  69  50   1.0000000e-30
  69  51   1.0000000e-30
  69  52   1.0000000e-30
  69  53   1.0000000e-30
  69  54   1.0000000e-30
  69  55   1.0000000e-30
  69  56   1.0000000e-30
  69  57   1.0000000e-30
  69  58   1.0000000e-30
  69  59   1.0000000e-30
  69  60   1.0000000e-30
  69  61   1.0000000e-30
  69  62   1.0000000e-30
  69  63   1.0000000e-30
  69  64   1.0000000e-30
  69  65   1.0000000e-30
  69  66   1.0000000e-30
  69  67   1.0000000e-30
  69  68   1.0000000e-30
  69  69   1.0000000e-30
  69  70   1.0000000e-30
  69  71   1.0000000e-30
  69  72   1.0000000e-30
  69  73   1.0000000e-30
  69  74   1.0000000e-30
  69  75   1.0000000e-30
  69  76   1.0000000e-30
  69  77   1.0000000e-30
  69  78   1.0000000e-30
  69  79   1.0000000e-30
  69  80   1.0000000e-30
  69  81   1.0000000e-30
  69  82   1.0000000e-30
  69  83   1.0000000e-30
  69  84   1.0000000e-30
  69  85   1.0000000e-30
  69  86   1.0000000e-30
  69  87   1.0000000e-30
  69  88   1.0000000e-30
  69  89   1.0000000e-30
  69  90   1.0000000e-30
  69  91   1.0000000e-30
  69  92   1.0000000e-30
  69  93   1.0000000e-30
  69  94   1.0000000e-30
  69  95   1.0000000e-30
  69  96   1.0000000e-30
  69  97   1.0000000e-30
  69  98   1.0000000e-30
  69  99   1.5796600e-14
  69 100   1.5196800e-13
  69 101   4.5290300e-13
  69 102   2.7094300e-12
  69 103   5.3988500e-12
  69 104   1.0000000e-30
  69 105   1.0000000e-30
  69 106   1.0000000e-30
  69 107   1.0000000e-30
  69 108   1.0000000e-30
  70  36   1.0000000e-30
  70  37   1.0000000e-30
  70  38   1.0000000e-30
  70  39   1.0000000e-30
  70  40   1.0000000e-30
  70  41   1.0000000e-30
  70  42   1.0000000e-30
  70  43   1.0000000e-30
  70  44   1.0000000e-30
  70  45   1.0000000e-30
  70  46   1.0000000e-30
  70  47   1.0000000e-30
  70  48   1.0000000e-30
  70  49   1.0000000e-30
  70  50   1.0000000e-30
  70  51   1.0000000e-30
  70  52   1.0000000e-30
  70  53   1.0000000e-30
  70  54   1.0000000e-30
  70  55   1.0000000e-30
  70  56   1.0000000e-30
  70  57   1.0000000e-30
  70  58   1.0000000e-30
  70  59   1.0000000e-30
  70  60   1.0000000e-30
  70  61   1.0000000e-30
  70  62   1.0000000e-30
  70  63   1.0000000e-30
  70  64   1.0000000e-30
  70  65   1.0000000e-30
  70  66   1.0000000e-30
  70  67   1.0000000e-30
  70  68   1.0000000e-30
  70  69   1.0000000e-30
  70  70   1.0000000e-30
  70  71   1.0000000e-30
  70  72   1.0000000e-30
  70  73   1.0000000e-30
  70  74   1.0000000e-30
  70  75   1.0000000e-30
  70  76   1.0000000e-30
  70  77   1.0000000e-30
  70  78   1.0000000e-30
  70  79   1.0000000e-30
  70  80   1.0000000e-30
  70  81   1.0000000e-30
  70  82   1.0000000e-30
  70  83   1.0000000e-30
  70  84   1.0000000e-30
  70  85   1.0000000e-30
  70  86   1.0000000e-30
  70  87   1.0000000e-30
  70  88   1.0000000e-30
  70  89   1.0000000e-30
  70  90   1.0000000e-30
  70  91   1.0000000e-30
  70  92   1.0000000e-30
  70  93   1.0000000e-30
  70  94   1.0000000e-30
  70  95   1.0000000e-30
  70  96   1.0000000e-30
  70  97   1.0000000e-30
  70  98   1.0000000e-30
  70  99   1.0000000e-30
  70 100   2.6151700e-16
  70 101   3.1331600e-15
  70 102   1.9395900e-14
  70 103   1.0000000e-30
  70 104   1.0000000e-30
  70 105   1.0000000e-30
  70 106   1.0000000e-30
  70 107   1.0000000e-30
  70 108   1.0000000e-30
  71  36   1.0000000e-30
  71  37   1.0000000e-30
  71  38   1.0000000e-30
  71  39   1.0000000e-30
  71  40   1.0000000e-30
  71  41   1.0000000e-30
  71  42   1.0000000e-30
  71  43   1.0000000e-30
  71  44   1.0000000e-30
  71  45   1.0000000e-30
  71  46   1.0000000e-30
  71  47   1.0000000e-30
  71  48   1.0000000e-30
  71  49   1.0000000e-30
  71  50   1.0000000e-30
  71  51   1.0000000e-30
  71  52   1.0000000e-30
  71  53   1.0000000e-30
  71  54   1.0000000e-30
  71  55   1.0000000e-30
  71  56   1.0000000e-30
  71  57   1.0000000e-30
  71  58   1.0000000e-30
  71  59   1.0000000e-30
  71  60   1.0000000e-30
  71  61   1.0000000e-30
  71  62   1.0000000e-30
  71  63   1.0000000e-30
  71  64   1.0000000e-30
  71  65   1.0000000e-30
  71  66   1.0000000e-30
  71  67   1.0000000e-30
  71  68   1.0000000e-30
  71  69   1.0000000e-30
  71  70   1.0000000e-30
  71  71   1.0000000e-30
  71  72   1.0000000e-30
  71  73   1.0000000e-30
  71  74   1.0000000e-30
  71  75   1.0000000e-30
  71  76   1.0000000e-30
  71  77   1.0000000e-30
  71  78   1.0000000e-30
  71  79   1.0000000e-30
  71  80   1.0000000e-30
  71  81   1.0000000e-30
  71  82   1.0000000e-30
  71  83   1.0000000e-30
  71  84   1.0000000e-30
  71  85   1.0000000e-30
  71  86   1.0000000e-30
  71  87   1.0000000e-30
  71  88   1.0000000e-30
  71  89   1.0000000e-30
  71  90   1.0000000e-30
  71  91   1.0000000e-30
  71  92   1.0000000e-30
  71  93   1.0000000e-30
  71  94   1.0000000e-30
  71  95   1.0000000e-30
  71  96   1.0000000e-30
  71  97   1.0000000e-30
  71  98   1.0000000e-30
  71  99   1.0000000e-30
  71 100   1.0000000e-30
  71 101   1.0000000e-30
  71 102   1.0000000e-30
  71 103   1.0000000e-30
  71 104   1.0000000e-30
  71 105   1.0000000e-30
  71 106   1.0000000e-30
  71 107   1.0000000e-30
  71 108   1.0000000e-30
