# 3D Plot Data for U-233 Neutron-induced Fission Yields at 0.0253 (eV)
# JENDL FP Fission Yields Data File 2011 (FPY-2011)
# *) Blanks or zero yields were filled with very small value, 1e-30.
# [Independent]
#  Z   N   Fission Yield
  23  36   1.0000000e-30
  23  37   1.0000000e-30
  23  38   1.0000000e-30
  23  39   1.0000000e-30
  23  40   1.0000000e-30
  23  41   1.0000000e-30
  23  42   1.0000000e-30
  23  43   5.1648700e-19
  23  44   1.0000000e-30
  23  45   1.0000000e-30
  23  46   1.0000000e-30
  23  47   1.0000000e-30
  23  48   1.0000000e-30
  23  49   1.0000000e-30
  23  50   1.0000000e-30
  23  51   1.0000000e-30
  23  52   1.0000000e-30
  23  53   1.0000000e-30
  23  54   1.0000000e-30
  23  55   1.0000000e-30
  23  56   1.0000000e-30
  23  57   1.0000000e-30
  23  58   1.0000000e-30
  23  59   1.0000000e-30
  23  60   1.0000000e-30
  23  61   1.0000000e-30
  23  62   1.0000000e-30
  23  63   1.0000000e-30
  23  64   1.0000000e-30
  23  65   1.0000000e-30
  23  66   1.0000000e-30
  23  67   1.0000000e-30
  23  68   1.0000000e-30
  23  69   1.0000000e-30
  23  70   1.0000000e-30
  23  71   1.0000000e-30
  23  72   1.0000000e-30
  23  73   1.0000000e-30
  23  74   1.0000000e-30
  23  75   1.0000000e-30
  23  76   1.0000000e-30
  23  77   1.0000000e-30
  23  78   1.0000000e-30
  23  79   1.0000000e-30
  23  80   1.0000000e-30
  23  81   1.0000000e-30
  23  82   1.0000000e-30
  23  83   1.0000000e-30
  23  84   1.0000000e-30
  23  85   1.0000000e-30
  23  86   1.0000000e-30
  23  87   1.0000000e-30
  23  88   1.0000000e-30
  23  89   1.0000000e-30
  23  90   1.0000000e-30
  23  91   1.0000000e-30
  23  92   1.0000000e-30
  23  93   1.0000000e-30
  23  94   1.0000000e-30
  23  95   1.0000000e-30
  23  96   1.0000000e-30
  23  97   1.0000000e-30
  23  98   1.0000000e-30
  23  99   1.0000000e-30
  23 100   1.0000000e-30
  23 101   1.0000000e-30
  23 102   1.0000000e-30
  23 103   1.0000000e-30
  23 104   1.0000000e-30
  23 105   1.0000000e-30
  23 106   1.0000000e-30
  23 107   1.0000000e-30
  23 108   1.0000000e-30
  24  36   1.0000000e-30
  24  37   1.0000000e-30
  24  38   1.0000000e-30
  24  39   1.0000000e-30
  24  40   1.0000000e-30
  24  41   1.0000000e-30
  24  42   2.4466300e-14
  24  43   4.1014300e-15
  24  44   1.0000000e-30
  24  45   1.0167000e-17
  24  46   1.0000000e-30
  24  47   1.0000000e-30
  24  48   1.0000000e-30
  24  49   1.0000000e-30
  24  50   1.0000000e-30
  24  51   1.0000000e-30
  24  52   1.0000000e-30
  24  53   1.0000000e-30
  24  54   1.0000000e-30
  24  55   1.0000000e-30
  24  56   1.0000000e-30
  24  57   1.0000000e-30
  24  58   1.0000000e-30
  24  59   1.0000000e-30
  24  60   1.0000000e-30
  24  61   1.0000000e-30
  24  62   1.0000000e-30
  24  63   1.0000000e-30
  24  64   1.0000000e-30
  24  65   1.0000000e-30
  24  66   1.0000000e-30
  24  67   1.0000000e-30
  24  68   1.0000000e-30
  24  69   1.0000000e-30
  24  70   1.0000000e-30
  24  71   1.0000000e-30
  24  72   1.0000000e-30
  24  73   1.0000000e-30
  24  74   1.0000000e-30
  24  75   1.0000000e-30
  24  76   1.0000000e-30
  24  77   1.0000000e-30
  24  78   1.0000000e-30
  24  79   1.0000000e-30
  24  80   1.0000000e-30
  24  81   1.0000000e-30
  24  82   1.0000000e-30
  24  83   1.0000000e-30
  24  84   1.0000000e-30
  24  85   1.0000000e-30
  24  86   1.0000000e-30
  24  87   1.0000000e-30
  24  88   1.0000000e-30
  24  89   1.0000000e-30
  24  90   1.0000000e-30
  24  91   1.0000000e-30
  24  92   1.0000000e-30
  24  93   1.0000000e-30
  24  94   1.0000000e-30
  24  95   1.0000000e-30
  24  96   1.0000000e-30
  24  97   1.0000000e-30
  24  98   1.0000000e-30
  24  99   1.0000000e-30
  24 100   1.0000000e-30
  24 101   1.0000000e-30
  24 102   1.0000000e-30
  24 103   1.0000000e-30
  24 104   1.0000000e-30
  24 105   1.0000000e-30
  24 106   1.0000000e-30
  24 107   1.0000000e-30
  24 108   1.0000000e-30
  25  36   1.0000000e-30
  25  37   1.0000000e-30
  25  38   1.0000000e-30
  25  39   1.0000000e-30
  25  40   1.0000000e-30
  25  41   9.6568800e-12
  25  42   5.5724300e-12
  25  43   9.3772500e-13
  25  44   1.5877400e-13
  25  45   1.5678700e-14
  25  46   1.0000000e-30
  25  47   8.2005500e-17
  25  48   1.0000000e-30
  25  49   1.0000000e-30
  25  50   1.0000000e-30
  25  51   1.0000000e-30
  25  52   1.0000000e-30
  25  53   1.0000000e-30
  25  54   1.0000000e-30
  25  55   1.0000000e-30
  25  56   1.0000000e-30
  25  57   1.0000000e-30
  25  58   1.0000000e-30
  25  59   1.0000000e-30
  25  60   1.0000000e-30
  25  61   1.0000000e-30
  25  62   1.0000000e-30
  25  63   1.0000000e-30
  25  64   1.0000000e-30
  25  65   1.0000000e-30
  25  66   1.0000000e-30
  25  67   1.0000000e-30
  25  68   1.0000000e-30
  25  69   1.0000000e-30
  25  70   1.0000000e-30
  25  71   1.0000000e-30
  25  72   1.0000000e-30
  25  73   1.0000000e-30
  25  74   1.0000000e-30
  25  75   1.0000000e-30
  25  76   1.0000000e-30
  25  77   1.0000000e-30
  25  78   1.0000000e-30
  25  79   1.0000000e-30
  25  80   1.0000000e-30
  25  81   1.0000000e-30
  25  82   1.0000000e-30
  25  83   1.0000000e-30
  25  84   1.0000000e-30
  25  85   1.0000000e-30
  25  86   1.0000000e-30
  25  87   1.0000000e-30
  25  88   1.0000000e-30
  25  89   1.0000000e-30
  25  90   1.0000000e-30
  25  91   1.0000000e-30
  25  92   1.0000000e-30
  25  93   1.0000000e-30
  25  94   1.0000000e-30
  25  95   1.0000000e-30
  25  96   1.0000000e-30
  25  97   1.0000000e-30
  25  98   1.0000000e-30
  25  99   1.0000000e-30
  25 100   1.0000000e-30
  25 101   1.0000000e-30
  25 102   1.0000000e-30
  25 103   1.0000000e-30
  25 104   1.0000000e-30
  25 105   1.0000000e-30
  25 106   1.0000000e-30
  25 107   1.0000000e-30
  25 108   1.0000000e-30
  26  36   1.0000000e-30
  26  37   1.0000000e-30
  26  38   1.0000000e-30
  26  39   1.0000000e-30
  26  40   8.1489300e-10
  26  41   1.0385800e-09
  26  42   7.3999400e-10
  26  43   2.8261600e-10
  26  44   1.2383200e-10
  26  45   3.2555800e-11
  26  46   3.8846400e-12
  26  47   2.2169800e-13
  26  48   1.0000000e-30
  26  49   6.9698400e-16
  26  50   1.0000000e-30
  26  51   1.0000000e-30
  26  52   1.0000000e-30
  26  53   1.0000000e-30
  26  54   1.0000000e-30
  26  55   1.0000000e-30
  26  56   1.0000000e-30
  26  57   1.0000000e-30
  26  58   1.0000000e-30
  26  59   1.0000000e-30
  26  60   1.0000000e-30
  26  61   1.0000000e-30
  26  62   1.0000000e-30
  26  63   1.0000000e-30
  26  64   1.0000000e-30
  26  65   1.0000000e-30
  26  66   1.0000000e-30
  26  67   1.0000000e-30
  26  68   1.0000000e-30
  26  69   1.0000000e-30
  26  70   1.0000000e-30
  26  71   1.0000000e-30
  26  72   1.0000000e-30
  26  73   1.0000000e-30
  26  74   1.0000000e-30
  26  75   1.0000000e-30
  26  76   1.0000000e-30
  26  77   1.0000000e-30
  26  78   1.0000000e-30
  26  79   1.0000000e-30
  26  80   1.0000000e-30
  26  81   1.0000000e-30
  26  82   1.0000000e-30
  26  83   1.0000000e-30
  26  84   1.0000000e-30
  26  85   1.0000000e-30
  26  86   1.0000000e-30
  26  87   1.0000000e-30
  26  88   1.0000000e-30
  26  89   1.0000000e-30
  26  90   1.0000000e-30
  26  91   1.0000000e-30
  26  92   1.0000000e-30
  26  93   1.0000000e-30
  26  94   1.0000000e-30
  26  95   1.0000000e-30
  26  96   1.0000000e-30
  26  97   1.0000000e-30
  26  98   1.0000000e-30
  26  99   1.0000000e-30
  26 100   1.0000000e-30
  26 101   1.0000000e-30
  26 102   1.0000000e-30
  26 103   1.0000000e-30
  26 104   1.0000000e-30
  26 105   1.0000000e-30
  26 106   1.0000000e-30
  26 107   1.0000000e-30
  26 108   1.0000000e-30
  27  36   1.0000000e-30
  27  37   1.0000000e-30
  27  38   1.0000000e-30
  27  39   1.1384500e-09
  27  40   5.2628500e-09
  27  41   1.2198000e-08
  27  42   1.1384500e-08
  27  43   1.0914950e-08
  27  44   1.2582900e-08
  27  45   3.5152200e-09
  27  46   8.9378600e-10
  27  47   8.4285500e-11
  27  48   1.0884500e-11
  27  49   4.0145500e-13
  27  50   1.4762900e-14
  27  51   6.1978400e-16
  27  52   1.0000000e-30
  27  53   1.0000000e-30
  27  54   1.0000000e-30
  27  55   1.0000000e-30
  27  56   1.0000000e-30
  27  57   1.0000000e-30
  27  58   1.0000000e-30
  27  59   1.0000000e-30
  27  60   1.0000000e-30
  27  61   1.0000000e-30
  27  62   1.0000000e-30
  27  63   1.0000000e-30
  27  64   1.0000000e-30
  27  65   1.0000000e-30
  27  66   1.0000000e-30
  27  67   1.0000000e-30
  27  68   1.0000000e-30
  27  69   1.0000000e-30
  27  70   1.0000000e-30
  27  71   1.0000000e-30
  27  72   1.0000000e-30
  27  73   1.0000000e-30
  27  74   1.0000000e-30
  27  75   1.0000000e-30
  27  76   1.0000000e-30
  27  77   1.0000000e-30
  27  78   1.0000000e-30
  27  79   1.0000000e-30
  27  80   1.0000000e-30
  27  81   1.0000000e-30
  27  82   1.0000000e-30
  27  83   1.0000000e-30
  27  84   1.0000000e-30
  27  85   1.0000000e-30
  27  86   1.0000000e-30
  27  87   1.0000000e-30
  27  88   1.0000000e-30
  27  89   1.0000000e-30
  27  90   1.0000000e-30
  27  91   1.0000000e-30
  27  92   1.0000000e-30
  27  93   1.0000000e-30
  27  94   1.0000000e-30
  27  95   1.0000000e-30
  27  96   1.0000000e-30
  27  97   1.0000000e-30
  27  98   1.0000000e-30
  27  99   1.0000000e-30
  27 100   1.0000000e-30
  27 101   1.0000000e-30
  27 102   1.0000000e-30
  27 103   1.0000000e-30
  27 104   1.0000000e-30
  27 105   1.0000000e-30
  27 106   1.0000000e-30
  27 107   1.0000000e-30
  27 108   1.0000000e-30
  28  36   1.0000000e-30
  28  37   1.0000000e-30
  28  38   5.3227700e-10
  28  39   4.7335700e-09
  28  40   2.4267000e-08
  28  41   6.1509300e-08
  28  42   2.4267000e-07
  28  43   5.6922700e-07
  28  44   6.4612200e-07
  28  45   3.7049700e-07
  28  46   1.5079500e-07
  28  47   4.6037400e-08
  28  48   7.3699800e-09
  28  49   5.1228900e-10
  28  50   2.9359400e-11
  28  51   4.5719600e-13
  28  52   1.0000000e-30
  28  53   1.0000000e-30
  28  54   1.0000000e-30
  28  55   1.0000000e-30
  28  56   1.0000000e-30
  28  57   1.0000000e-30
  28  58   1.0000000e-30
  28  59   1.0000000e-30
  28  60   1.0000000e-30
  28  61   1.0000000e-30
  28  62   1.0000000e-30
  28  63   1.0000000e-30
  28  64   1.0000000e-30
  28  65   1.0000000e-30
  28  66   1.0000000e-30
  28  67   1.0000000e-30
  28  68   1.0000000e-30
  28  69   1.0000000e-30
  28  70   1.0000000e-30
  28  71   1.0000000e-30
  28  72   1.0000000e-30
  28  73   1.0000000e-30
  28  74   1.0000000e-30
  28  75   1.0000000e-30
  28  76   1.0000000e-30
  28  77   1.0000000e-30
  28  78   1.0000000e-30
  28  79   1.0000000e-30
  28  80   1.0000000e-30
  28  81   1.0000000e-30
  28  82   1.0000000e-30
  28  83   1.0000000e-30
  28  84   1.0000000e-30
  28  85   1.0000000e-30
  28  86   1.0000000e-30
  28  87   1.0000000e-30
  28  88   1.0000000e-30
  28  89   1.0000000e-30
  28  90   1.0000000e-30
  28  91   1.0000000e-30
  28  92   1.0000000e-30
  28  93   1.0000000e-30
  28  94   1.0000000e-30
  28  95   1.0000000e-30
  28  96   1.0000000e-30
  28  97   1.0000000e-30
  28  98   1.0000000e-30
  28  99   1.0000000e-30
  28 100   1.0000000e-30
  28 101   1.0000000e-30
  28 102   1.0000000e-30
  28 103   1.0000000e-30
  28 104   1.0000000e-30
  28 105   1.0000000e-30
  28 106   1.0000000e-30
  28 107   1.0000000e-30
  28 108   1.0000000e-30
  29  36   1.0000000e-30
  29  37   3.9146800e-12
  29  38   1.3981000e-10
  29  39   1.4690010e-09
  29  40   1.4480300e-08
  29  41   1.1065010e-07
  29  42   8.2088400e-07
  29  43   1.8075400e-06
  29  44   3.8947100e-06
  29  45   3.3554400e-06
  29  46   4.2042800e-06
  29  47   1.3668980e-06
  29  48   4.6536700e-07
  29  49   6.5411200e-08
  29  50   7.1398400e-09
  29  51   2.6264300e-10
  29  52   1.1684100e-11
  29  53   2.8860800e-13
  29  54   7.3958500e-15
  29  55   1.0000000e-30
  29  56   1.0000000e-30
  29  57   1.0000000e-30
  29  58   1.0000000e-30
  29  59   1.0000000e-30
  29  60   1.0000000e-30
  29  61   1.0000000e-30
  29  62   1.0000000e-30
  29  63   1.0000000e-30
  29  64   1.0000000e-30
  29  65   1.0000000e-30
  29  66   1.0000000e-30
  29  67   1.0000000e-30
  29  68   1.0000000e-30
  29  69   1.0000000e-30
  29  70   1.0000000e-30
  29  71   1.0000000e-30
  29  72   1.0000000e-30
  29  73   1.0000000e-30
  29  74   1.0000000e-30
  29  75   1.0000000e-30
  29  76   1.0000000e-30
  29  77   1.0000000e-30
  29  78   1.0000000e-30
  29  79   1.0000000e-30
  29  80   1.0000000e-30
  29  81   1.0000000e-30
  29  82   1.0000000e-30
  29  83   1.0000000e-30
  29  84   1.0000000e-30
  29  85   1.0000000e-30
  29  86   1.0000000e-30
  29  87   1.0000000e-30
  29  88   1.0000000e-30
  29  89   1.0000000e-30
  29  90   1.0000000e-30
  29  91   1.0000000e-30
  29  92   1.0000000e-30
  29  93   1.0000000e-30
  29  94   1.0000000e-30
  29  95   1.0000000e-30
  29  96   1.0000000e-30
  29  97   1.0000000e-30
  29  98   1.0000000e-30
  29  99   1.0000000e-30
  29 100   1.0000000e-30
  29 101   1.0000000e-30
  29 102   1.0000000e-30
  29 103   1.0000000e-30
  29 104   1.0000000e-30
  29 105   1.0000000e-30
  29 106   1.0000000e-30
  29 107   1.0000000e-30
  29 108   1.0000000e-30
  30  36   7.0085000e-15
  30  37   4.9432900e-13
  30  38   2.2169800e-11
  30  39   4.6966130e-10
  30  40   1.2682800e-08
  30  41   2.1201230e-07
  30  42   1.6777200e-06
  30  43   7.8620720e-06
  30  44   2.0901600e-05
  30  45   5.1440100e-05
  30  46   6.7897700e-05
  30  47   4.2747980e-05
  30  48   2.8291600e-05
  30  49   7.5697100e-06
  30  50   1.2982400e-06
  30  51   1.4779900e-07
  30  52   1.7576200e-08
  30  53   2.5664400e-10
  30  54   1.5279200e-11
  30  55   2.2508200e-13
  30  56   1.0000000e-30
  30  57   1.0000000e-30
  30  58   1.0000000e-30
  30  59   1.0000000e-30
  30  60   1.0000000e-30
  30  61   1.0000000e-30
  30  62   1.0000000e-30
  30  63   1.0000000e-30
  30  64   1.0000000e-30
  30  65   1.0000000e-30
  30  66   1.0000000e-30
  30  67   1.0000000e-30
  30  68   1.0000000e-30
  30  69   1.0000000e-30
  30  70   1.0000000e-30
  30  71   1.0000000e-30
  30  72   1.0000000e-30
  30  73   1.0000000e-30
  30  74   1.0000000e-30
  30  75   1.0000000e-30
  30  76   1.0000000e-30
  30  77   1.0000000e-30
  30  78   1.0000000e-30
  30  79   1.0000000e-30
  30  80   1.0000000e-30
  30  81   1.0000000e-30
  30  82   1.0000000e-30
  30  83   1.0000000e-30
  30  84   1.0000000e-30
  30  85   1.0000000e-30
  30  86   1.0000000e-30
  30  87   1.0000000e-30
  30  88   1.0000000e-30
  30  89   1.0000000e-30
  30  90   1.0000000e-30
  30  91   1.0000000e-30
  30  92   1.0000000e-30
  30  93   1.0000000e-30
  30  94   1.0000000e-30
  30  95   1.0000000e-30
  30  96   1.0000000e-30
  30  97   1.0000000e-30
  30  98   1.0000000e-30
  30  99   1.0000000e-30
  30 100   1.0000000e-30
  30 101   1.0000000e-30
  30 102   1.0000000e-30
  30 103   1.0000000e-30
  30 104   1.0000000e-30
  30 105   1.0000000e-30
  30 106   1.0000000e-30
  30 107   1.0000000e-30
  30 108   1.0000000e-30
  31  36   1.0000000e-30
  31  37   6.1251500e-15
  31  38   3.5052300e-13
  31  39   2.1970100e-11
  31  40   1.5479000e-09
  31  41   2.6663800e-08
  31  42   4.2142700e-07
  31  43   2.5565300e-06
  31  44   2.2409500e-05
  31  45   5.4456000e-05
  31  46   1.3774300e-04
  31  47   1.7031900e-04
  31  48   1.8816400e-04
  31  49   7.5137900e-05
  31  50   3.8337900e-05
  31  51   1.1314600e-05
  31  52   7.7994000e-07
  31  53   1.1883800e-07
  31  54   3.5150000e-09
  31  55   1.2183400e-10
  31  56   1.0331100e-12
  31  57   2.2346000e-14
  31  58   1.0000000e-30
  31  59   1.0000000e-30
  31  60   1.0000000e-30
  31  61   1.0000000e-30
  31  62   1.0000000e-30
  31  63   1.0000000e-30
  31  64   1.0000000e-30
  31  65   1.0000000e-30
  31  66   1.0000000e-30
  31  67   1.0000000e-30
  31  68   1.0000000e-30
  31  69   1.0000000e-30
  31  70   1.0000000e-30
  31  71   1.0000000e-30
  31  72   1.0000000e-30
  31  73   1.0000000e-30
  31  74   1.0000000e-30
  31  75   1.0000000e-30
  31  76   1.0000000e-30
  31  77   1.0000000e-30
  31  78   1.0000000e-30
  31  79   1.0000000e-30
  31  80   1.0000000e-30
  31  81   1.0000000e-30
  31  82   1.0000000e-30
  31  83   1.0000000e-30
  31  84   1.0000000e-30
  31  85   1.0000000e-30
  31  86   1.0000000e-30
  31  87   1.0000000e-30
  31  88   1.0000000e-30
  31  89   1.0000000e-30
  31  90   1.0000000e-30
  31  91   1.0000000e-30
  31  92   1.0000000e-30
  31  93   1.0000000e-30
  31  94   1.0000000e-30
  31  95   1.0000000e-30
  31  96   1.0000000e-30
  31  97   1.0000000e-30
  31  98   1.0000000e-30
  31  99   1.0000000e-30
  31 100   1.0000000e-30
  31 101   1.0000000e-30
  31 102   1.0000000e-30
  31 103   1.0000000e-30
  31 104   1.0000000e-30
  31 105   1.0000000e-30
  31 106   1.0000000e-30
  31 107   1.0000000e-30
  31 108   1.0000000e-30
  32  36   1.0000000e-30
  32  37   1.0000000e-30
  32  38   1.8372300e-14
  32  39   1.2223400e-12
  32  40   9.2374500e-11
  32  41   3.3654300e-09
  32  42   8.4784800e-08
  32  43   1.5948330e-06
  32  44   1.4370400e-05
  32  45   7.2970820e-05
  32  46   3.2705600e-04
  32  47   1.1389630e-03
  32  48   1.8062800e-03
  32  49   1.2635170e-03
  32  50   8.1823800e-04
  32  51   2.4717400e-04
  32  52   1.7236600e-04
  32  53   1.3152200e-05
  32  54   2.1770500e-06
  32  55   3.5850300e-08
  32  56   1.0585400e-09
  32  57   1.0039100e-11
  32  58   2.3899600e-12
  32  59   1.0000000e-30
  32  60   1.0000000e-30
  32  61   1.0000000e-30
  32  62   1.0000000e-30
  32  63   1.0000000e-30
  32  64   1.0000000e-30
  32  65   1.0000000e-30
  32  66   1.0000000e-30
  32  67   1.0000000e-30
  32  68   1.0000000e-30
  32  69   1.0000000e-30
  32  70   1.0000000e-30
  32  71   1.0000000e-30
  32  72   1.0000000e-30
  32  73   1.0000000e-30
  32  74   1.0000000e-30
  32  75   1.0000000e-30
  32  76   1.0000000e-30
  32  77   1.0000000e-30
  32  78   1.0000000e-30
  32  79   1.0000000e-30
  32  80   1.0000000e-30
  32  81   1.0000000e-30
  32  82   1.0000000e-30
  32  83   1.0000000e-30
  32  84   1.0000000e-30
  32  85   1.0000000e-30
  32  86   1.0000000e-30
  32  87   1.0000000e-30
  32  88   1.0000000e-30
  32  89   1.0000000e-30
  32  90   1.0000000e-30
  32  91   1.0000000e-30
  32  92   1.0000000e-30
  32  93   1.0000000e-30
  32  94   1.0000000e-30
  32  95   1.0000000e-30
  32  96   1.0000000e-30
  32  97   1.0000000e-30
  32  98   1.0000000e-30
  32  99   1.0000000e-30
  32 100   1.0000000e-30
  32 101   1.0000000e-30
  32 102   1.0000000e-30
  32 103   1.0000000e-30
  32 104   1.0000000e-30
  32 105   1.0000000e-30
  32 106   1.0000000e-30
  32 107   1.0000000e-30
  32 108   1.0000000e-30
  33  36   1.0000000e-30
  33  37   1.0000000e-30
  33  38   1.0000000e-30
  33  39   1.0000000e-30
  33  40   5.6922700e-13
  33  41   3.4053700e-11
  33  42   2.7862100e-09
  33  43   5.5524500e-08
  33  44   1.1883800e-06
  33  45   1.1564300e-05
  33  46   9.5110700e-05
  33  47   4.1736300e-04
  33  48   2.0466400e-03
  33  49   3.1705720e-03
  33  50   4.5624700e-03
  33  51   1.5545600e-03
  33  52   1.0499500e-03
  33  53   4.2694000e-04
  33  54   3.2575700e-05
  33  55   2.4466800e-06
  33  56   1.5677700e-07
  33  57   2.7340800e-08
  33  58   1.0000000e-30
  33  59   1.8214100e-12
  33  60   3.4456500e-12
  33  61   1.0000000e-30
  33  62   1.0000000e-30
  33  63   1.0000000e-30
  33  64   1.0000000e-30
  33  65   1.0000000e-30
  33  66   1.0000000e-30
  33  67   1.0000000e-30
  33  68   1.0000000e-30
  33  69   1.0000000e-30
  33  70   1.0000000e-30
  33  71   1.0000000e-30
  33  72   1.0000000e-30
  33  73   1.0000000e-30
  33  74   1.0000000e-30
  33  75   1.0000000e-30
  33  76   1.0000000e-30
  33  77   1.0000000e-30
  33  78   1.0000000e-30
  33  79   1.0000000e-30
  33  80   1.0000000e-30
  33  81   1.0000000e-30
  33  82   1.0000000e-30
  33  83   1.0000000e-30
  33  84   1.0000000e-30
  33  85   1.0000000e-30
  33  86   1.0000000e-30
  33  87   1.0000000e-30
  33  88   1.0000000e-30
  33  89   1.0000000e-30
  33  90   1.0000000e-30
  33  91   1.0000000e-30
  33  92   1.0000000e-30
  33  93   1.0000000e-30
  33  94   1.0000000e-30
  33  95   1.0000000e-30
  33  96   1.0000000e-30
  33  97   1.0000000e-30
  33  98   1.0000000e-30
  33  99   1.0000000e-30
  33 100   1.0000000e-30
  33 101   1.0000000e-30
  33 102   1.0000000e-30
  33 103   1.0000000e-30
  33 104   1.0000000e-30
  33 105   1.0000000e-30
  33 106   1.0000000e-30
  33 107   1.0000000e-30
  33 108   1.0000000e-30
  34  36   1.0000000e-30
  34  37   1.0000000e-30
  34  38   1.0000000e-30
  34  39   1.0000000e-30
  34  40   1.0000000e-30
  34  41   4.9532700e-13
  34  42   4.2741900e-11
  34  43   2.1121230e-09
  34  44   9.6269200e-08
  34  45   3.0079120e-06
  34  46   3.3394700e-05
  34  47   2.4566660e-04
  34  48   1.8489000e-03
  34  49   4.9455040e-03
  34  50   1.2368000e-02
  34  51   1.1746800e-02
  34  52   7.9977300e-03
  34  53   3.2800400e-03
  34  54   1.0902400e-03
  34  55   1.7119800e-04
  34  56   5.7464600e-05
  34  57   3.9605700e-06
  34  58   8.6280900e-08
  34  59   1.1956800e-07
  34  60   2.1570700e-11
  34  61   1.3240600e-13
  34  62   1.0000000e-30
  34  63   1.0000000e-30
  34  64   1.0000000e-30
  34  65   1.0000000e-30
  34  66   1.0000000e-30
  34  67   1.0000000e-30
  34  68   1.0000000e-30
  34  69   1.0000000e-30
  34  70   1.0000000e-30
  34  71   1.0000000e-30
  34  72   1.0000000e-30
  34  73   1.0000000e-30
  34  74   1.0000000e-30
  34  75   1.0000000e-30
  34  76   1.0000000e-30
  34  77   1.0000000e-30
  34  78   1.0000000e-30
  34  79   1.0000000e-30
  34  80   1.0000000e-30
  34  81   1.0000000e-30
  34  82   1.0000000e-30
  34  83   1.0000000e-30
  34  84   1.0000000e-30
  34  85   1.0000000e-30
  34  86   1.0000000e-30
  34  87   1.0000000e-30
  34  88   1.0000000e-30
  34  89   1.0000000e-30
  34  90   1.0000000e-30
  34  91   1.0000000e-30
  34  92   1.0000000e-30
  34  93   1.0000000e-30
  34  94   1.0000000e-30
  34  95   1.0000000e-30
  34  96   1.0000000e-30
  34  97   1.0000000e-30
  34  98   1.0000000e-30
  34  99   1.0000000e-30
  34 100   1.0000000e-30
  34 101   1.0000000e-30
  34 102   1.0000000e-30
  34 103   1.0000000e-30
  34 104   1.0000000e-30
  34 105   1.0000000e-30
  34 106   1.0000000e-30
  34 107   1.0000000e-30
  34 108   1.0000000e-30
  35  36   1.0000000e-30
  35  37   1.0000000e-30
  35  38   1.0000000e-30
  35  39   1.0000000e-30
  35  40   1.0000000e-30
  35  41   1.0000000e-30
  35  42   7.9491900e-14
  35  43   9.0177400e-12
  35  44   1.3351820e-09
  35  45   9.7767200e-08
  35  46   1.5279200e-06
  35  47   8.2587700e-06
  35  48   3.6569300e-04
  35  49   2.2186140e-03
  35  50   8.8547100e-03
  35  51   1.3778600e-02
  35  52   1.7235700e-02
  35  53   1.1707600e-02
  35  54   5.9848900e-03
  35  55   2.2043000e-03
  35  56   4.7477500e-04
  35  57   5.7442000e-05
  35  58   8.2847700e-05
  35  59   1.7376400e-07
  35  60   2.0677300e-09
  35  61   8.9578200e-11
  35  62   2.5813600e-12
  35  63   1.8340500e-12
  35  64   1.0000000e-30
  35  65   1.0000000e-30
  35  66   1.0000000e-30
  35  67   1.0000000e-30
  35  68   1.0000000e-30
  35  69   1.0000000e-30
  35  70   1.0000000e-30
  35  71   1.0000000e-30
  35  72   1.0000000e-30
  35  73   1.0000000e-30
  35  74   1.0000000e-30
  35  75   1.0000000e-30
  35  76   1.0000000e-30
  35  77   1.0000000e-30
  35  78   1.0000000e-30
  35  79   1.0000000e-30
  35  80   1.0000000e-30
  35  81   1.0000000e-30
  35  82   1.0000000e-30
  35  83   1.0000000e-30
  35  84   1.0000000e-30
  35  85   1.0000000e-30
  35  86   1.0000000e-30
  35  87   1.0000000e-30
  35  88   1.0000000e-30
  35  89   1.0000000e-30
  35  90   1.0000000e-30
  35  91   1.0000000e-30
  35  92   1.0000000e-30
  35  93   1.0000000e-30
  35  94   1.0000000e-30
  35  95   1.0000000e-30
  35  96   1.0000000e-30
  35  97   1.0000000e-30
  35  98   1.0000000e-30
  35  99   1.0000000e-30
  35 100   1.0000000e-30
  35 101   1.0000000e-30
  35 102   1.0000000e-30
  35 103   1.0000000e-30
  35 104   1.0000000e-30
  35 105   1.0000000e-30
  35 106   1.0000000e-30
  35 107   1.0000000e-30
  35 108   1.0000000e-30
  36  36   1.0000000e-30
  36  37   1.0000000e-30
  36  38   1.0000000e-30
  36  39   1.0000000e-30
  36  40   1.0000000e-30
  36  41   1.0000000e-30
  36  42   1.0000000e-30
  36  43   5.7422030e-14
  36  44   8.7181500e-12
  36  45   8.0890000e-10
  36  46   2.3967400e-08
  36  47   1.5648770e-06
  36  48   3.5292000e-05
  36  49   1.1719380e-03
  36  50   5.6855500e-03
  36  51   1.8560200e-02
  36  52   3.8299900e-02
  36  53   4.6398500e-02
  36  54   3.9426400e-02
  36  55   1.9090500e-02
  36  56   7.4974000e-03
  36  57   1.4857500e-03
  36  58   2.5994600e-04
  36  59   3.1836000e-06
  36  60   1.5978300e-06
  36  61   8.9575700e-08
  36  62   8.6880100e-08
  36  63   1.0460500e-11
  36  64   2.8061900e-13
  36  65   1.0000000e-30
  36  66   1.0000000e-30
  36  67   1.0000000e-30
  36  68   1.0000000e-30
  36  69   1.0000000e-30
  36  70   1.0000000e-30
  36  71   1.0000000e-30
  36  72   1.0000000e-30
  36  73   1.0000000e-30
  36  74   1.0000000e-30
  36  75   1.0000000e-30
  36  76   1.0000000e-30
  36  77   1.0000000e-30
  36  78   1.0000000e-30
  36  79   1.0000000e-30
  36  80   1.0000000e-30
  36  81   1.0000000e-30
  36  82   1.0000000e-30
  36  83   1.0000000e-30
  36  84   1.0000000e-30
  36  85   1.0000000e-30
  36  86   1.0000000e-30
  36  87   1.0000000e-30
  36  88   1.0000000e-30
  36  89   1.0000000e-30
  36  90   1.0000000e-30
  36  91   1.0000000e-30
  36  92   1.0000000e-30
  36  93   1.0000000e-30
  36  94   1.0000000e-30
  36  95   1.0000000e-30
  36  96   1.0000000e-30
  36  97   1.0000000e-30
  36  98   1.0000000e-30
  36  99   1.0000000e-30
  36 100   1.0000000e-30
  36 101   1.0000000e-30
  36 102   1.0000000e-30
  36 103   1.0000000e-30
  36 104   1.0000000e-30
  36 105   1.0000000e-30
  36 106   1.0000000e-30
  36 107   1.0000000e-30
  36 108   1.0000000e-30
  37  36   1.0000000e-30
  37  37   1.0000000e-30
  37  38   1.0000000e-30
  37  39   1.0000000e-30
  37  40   1.0000000e-30
  37  41   1.0000000e-30
  37  42   1.0000000e-30
  37  43   1.0000000e-30
  37  44   1.0000000e-30
  37  45   1.0000000e-30
  37  46   1.9972900e-10
  37  47   1.2691038e-08
  37  48   6.1915800e-07
  37  49   8.9877900e-06
  37  50   7.4888200e-04
  37  51   3.4049400e-03
  37  52   9.9841900e-03
  37  53   2.3230820e-02
  37  54   3.4133800e-02
  37  55   2.9220100e-02
  37  56   1.8419700e-02
  37  57   5.8901500e-03
  37  58   2.1388200e-03
  37  59   3.1304400e-04
  37  60   8.1369500e-05
  37  61   1.2392470e-05
  37  62   1.6335800e-07
  37  63   7.2601400e-09
  37  64   6.4461800e-11
  37  65   2.0132400e-12
  37  66   2.1151700e-13
  37  67   1.0000000e-30
  37  68   1.0000000e-30
  37  69   1.0000000e-30
  37  70   1.0000000e-30
  37  71   1.0000000e-30
  37  72   1.0000000e-30
  37  73   1.0000000e-30
  37  74   1.0000000e-30
  37  75   1.0000000e-30
  37  76   1.0000000e-30
  37  77   1.0000000e-30
  37  78   1.0000000e-30
  37  79   1.0000000e-30
  37  80   1.0000000e-30
  37  81   1.0000000e-30
  37  82   1.0000000e-30
  37  83   1.0000000e-30
  37  84   1.0000000e-30
  37  85   1.0000000e-30
  37  86   1.0000000e-30
  37  87   1.0000000e-30
  37  88   1.0000000e-30
  37  89   1.0000000e-30
  37  90   1.0000000e-30
  37  91   1.0000000e-30
  37  92   1.0000000e-30
  37  93   1.0000000e-30
  37  94   1.0000000e-30
  37  95   1.0000000e-30
  37  96   1.0000000e-30
  37  97   1.0000000e-30
  37  98   1.0000000e-30
  37  99   1.0000000e-30
  37 100   1.0000000e-30
  37 101   1.0000000e-30
  37 102   1.0000000e-30
  37 103   1.0000000e-30
  37 104   1.0000000e-30
  37 105   1.0000000e-30
  37 106   1.0000000e-30
  37 107   1.0000000e-30
  37 108   1.0000000e-30
  38  36   1.0000000e-30
  38  37   1.0000000e-30
  38  38   1.0000000e-30
  38  39   1.0000000e-30
  38  40   1.0000000e-30
  38  41   1.0000000e-30
  38  42   1.0000000e-30
  38  43   1.0000000e-30
  38  44   1.0000000e-30
  38  45   1.0000000e-30
  38  46   6.7308500e-13
  38  47   9.7068100e-11
  38  48   7.8393400e-09
  38  49   3.5621660e-07
  38  50   1.0825300e-05
  38  51   1.0901000e-03
  38  52   3.3525200e-03
  38  53   1.1099300e-02
  38  54   2.6770000e-02
  38  55   4.4400000e-02
  38  56   4.8341800e-02
  38  57   3.2628300e-02
  38  58   1.7962700e-02
  38  59   6.4138000e-03
  38  60   2.1976700e-03
  38  61   2.5151500e-04
  38  62   3.3844000e-05
  38  63   2.2369000e-06
  38  64   9.5368400e-08
  38  65   7.3398600e-09
  38  66   1.0000000e-30
  38  67   1.0000000e-30
  38  68   1.0000000e-30
  38  69   1.0000000e-30
  38  70   1.0000000e-30
  38  71   1.0000000e-30
  38  72   1.0000000e-30
  38  73   1.0000000e-30
  38  74   1.0000000e-30
  38  75   1.0000000e-30
  38  76   1.0000000e-30
  38  77   1.0000000e-30
  38  78   1.0000000e-30
  38  79   1.0000000e-30
  38  80   1.0000000e-30
  38  81   1.0000000e-30
  38  82   1.0000000e-30
  38  83   1.0000000e-30
  38  84   1.0000000e-30
  38  85   1.0000000e-30
  38  86   1.0000000e-30
  38  87   1.0000000e-30
  38  88   1.0000000e-30
  38  89   1.0000000e-30
  38  90   1.0000000e-30
  38  91   1.0000000e-30
  38  92   1.0000000e-30
  38  93   1.0000000e-30
  38  94   1.0000000e-30
  38  95   1.0000000e-30
  38  96   1.0000000e-30
  38  97   1.0000000e-30
  38  98   1.0000000e-30
  38  99   1.0000000e-30
  38 100   1.0000000e-30
  38 101   1.0000000e-30
  38 102   1.0000000e-30
  38 103   1.0000000e-30
  38 104   1.0000000e-30
  38 105   1.0000000e-30
  38 106   1.0000000e-30
  38 107   1.0000000e-30
  38 108   1.0000000e-30
  39  36   1.0000000e-30
  39  37   1.0000000e-30
  39  38   1.0000000e-30
  39  39   1.0000000e-30
  39  40   1.0000000e-30
  39  41   1.0000000e-30
  39  42   1.0000000e-30
  39  43   1.0000000e-30
  39  44   1.0000000e-30
  39  45   1.0000000e-30
  39  46   1.0000000e-30
  39  47   1.0000000e-30
  39  48   4.7296800e-13
  39  49   1.0600740e-09
  39  50   6.0318100e-08
  39  51   1.4080850e-06
  39  52   2.8301470e-05
  39  53   1.5993300e-03
  39  54   4.9866440e-03
  39  55   1.3083100e-02
  39  56   2.5344600e-02
  39  57   2.7654840e-02
  39  58   2.6726720e-02
  39  59   1.2952000e-02
  39  60   7.0859000e-03
  39  61   3.2281420e-03
  39  62   5.3233700e-04
  39  63   4.7344300e-05
  39  64   5.0857400e-06
  39  65   1.4580200e-10
  39  66   1.6460800e-12
  39  67   4.6605400e-16
  39  68   2.2987200e-16
  39  69   1.0000000e-30
  39  70   2.4635400e-14
  39  71   1.0000000e-30
  39  72   1.0000000e-30
  39  73   1.0000000e-30
  39  74   1.0000000e-30
  39  75   1.0000000e-30
  39  76   1.0000000e-30
  39  77   1.0000000e-30
  39  78   1.0000000e-30
  39  79   1.0000000e-30
  39  80   1.0000000e-30
  39  81   1.0000000e-30
  39  82   1.0000000e-30
  39  83   1.0000000e-30
  39  84   1.0000000e-30
  39  85   1.0000000e-30
  39  86   1.0000000e-30
  39  87   1.0000000e-30
  39  88   1.0000000e-30
  39  89   1.0000000e-30
  39  90   1.0000000e-30
  39  91   1.0000000e-30
  39  92   1.0000000e-30
  39  93   1.0000000e-30
  39  94   1.0000000e-30
  39  95   1.0000000e-30
  39  96   1.0000000e-30
  39  97   1.0000000e-30
  39  98   1.0000000e-30
  39  99   1.0000000e-30
  39 100   1.0000000e-30
  39 101   1.0000000e-30
  39 102   1.0000000e-30
  39 103   1.0000000e-30
  39 104   1.0000000e-30
  39 105   1.0000000e-30
  39 106   1.0000000e-30
  39 107   1.0000000e-30
  39 108   1.0000000e-30
  40  36   1.0000000e-30
  40  37   1.0000000e-30
  40  38   1.0000000e-30
  40  39   1.0000000e-30
  40  40   1.0000000e-30
  40  41   1.0000000e-30
  40  42   1.0000000e-30
  40  43   1.0000000e-30
  40  44   1.0000000e-30
  40  45   1.0000000e-30
  40  46   1.0000000e-30
  40  47   1.0000000e-30
  40  48   1.7875800e-14
  40  49   1.7712300e-12
  40  50   3.0158920e-10
  40  51   1.5578800e-08
  40  52   6.5610900e-07
  40  53   1.2093600e-05
  40  54   1.0900600e-03
  40  55   3.4341000e-03
  40  56   1.0729200e-02
  40  57   2.2030000e-02
  40  58   3.4347600e-02
  40  59   3.2987600e-02
  40  60   3.1295600e-02
  40  61   1.3346800e-02
  40  62   6.1039800e-03
  40  63   1.3501900e-03
  40  64   1.7706000e-04
  40  65   1.8345000e-05
  40  66   7.0903600e-09
  40  67   2.5618500e-09
  40  68   5.3627200e-12
  40  69   8.5487800e-10
  40  70   3.1557100e-12
  40  71   1.3655700e-14
  40  72   1.0000000e-30
  40  73   1.0000000e-30
  40  74   1.0000000e-30
  40  75   1.0000000e-30
  40  76   1.0000000e-30
  40  77   1.0000000e-30
  40  78   1.0000000e-30
  40  79   1.0000000e-30
  40  80   1.0000000e-30
  40  81   1.0000000e-30
  40  82   1.0000000e-30
  40  83   1.0000000e-30
  40  84   1.0000000e-30
  40  85   1.0000000e-30
  40  86   1.0000000e-30
  40  87   1.0000000e-30
  40  88   1.0000000e-30
  40  89   1.0000000e-30
  40  90   1.0000000e-30
  40  91   1.0000000e-30
  40  92   1.0000000e-30
  40  93   1.0000000e-30
  40  94   1.0000000e-30
  40  95   1.0000000e-30
  40  96   1.0000000e-30
  40  97   1.0000000e-30
  40  98   1.0000000e-30
  40  99   1.0000000e-30
  40 100   1.0000000e-30
  40 101   1.0000000e-30
  40 102   1.0000000e-30
  40 103   1.0000000e-30
  40 104   1.0000000e-30
  40 105   1.0000000e-30
  40 106   1.0000000e-30
  40 107   1.0000000e-30
  40 108   1.0000000e-30
  41  36   1.0000000e-30
  41  37   1.0000000e-30
  41  38   1.0000000e-30
  41  39   1.0000000e-30
  41  40   1.0000000e-30
  41  41   1.0000000e-30
  41  42   1.0000000e-30
  41  43   1.0000000e-30
  41  44   1.0000000e-30
  41  45   1.0000000e-30
  41  46   1.0000000e-30
  41  47   1.0000000e-30
  41  48   1.0000000e-30
  41  49   1.0000000e-30
  41  50   1.0930300e-13
  41  51   6.2282200e-12
  41  52   1.5908380e-09
  41  53   5.1629800e-08
  41  54   1.6527580e-06
  41  55   5.5774200e-05
  41  56   9.4763200e-04
  41  57   2.0196980e-03
  41  58   7.8621100e-03
  41  59   9.2078200e-03
  41  60   1.5199600e-02
  41  61   9.8874300e-03
  41  62   6.3977600e-03
  41  63   1.5803600e-03
  41  64   6.4442400e-04
  41  65   3.8287900e-05
  41  66   8.7755100e-06
  41  67   8.1289600e-07
  41  68   5.9233900e-07
  41  69   1.2383200e-08
  41  70   2.1325600e-10
  41  71   1.9963800e-13
  41  72   8.5021400e-15
  41  73   1.0000000e-30
  41  74   1.0000000e-30
  41  75   1.0000000e-30
  41  76   1.0000000e-30
  41  77   1.0000000e-30
  41  78   1.0000000e-30
  41  79   1.0000000e-30
  41  80   1.0000000e-30
  41  81   1.0000000e-30
  41  82   1.0000000e-30
  41  83   1.0000000e-30
  41  84   1.0000000e-30
  41  85   1.0000000e-30
  41  86   1.0000000e-30
  41  87   1.0000000e-30
  41  88   1.0000000e-30
  41  89   1.0000000e-30
  41  90   1.0000000e-30
  41  91   1.0000000e-30
  41  92   1.0000000e-30
  41  93   1.0000000e-30
  41  94   1.0000000e-30
  41  95   1.0000000e-30
  41  96   1.0000000e-30
  41  97   1.0000000e-30
  41  98   1.0000000e-30
  41  99   1.0000000e-30
  41 100   1.0000000e-30
  41 101   1.0000000e-30
  41 102   1.0000000e-30
  41 103   1.0000000e-30
  41 104   1.0000000e-30
  41 105   1.0000000e-30
  41 106   1.0000000e-30
  41 107   1.0000000e-30
  41 108   1.0000000e-30
  42  36   1.0000000e-30
  42  37   1.0000000e-30
  42  38   1.0000000e-30
  42  39   1.0000000e-30
  42  40   1.0000000e-30
  42  41   1.0000000e-30
  42  42   1.0000000e-30
  42  43   1.0000000e-30
  42  44   1.0000000e-30
  42  45   1.0000000e-30
  42  46   1.0000000e-30
  42  47   1.0000000e-30
  42  48   1.0000000e-30
  42  49   1.0000000e-30
  42  50   1.0000000e-30
  42  51   1.9972810e-14
  42  52   3.1357400e-12
  42  53   2.5964700e-10
  42  54   1.5978300e-08
  42  55   4.8134600e-07
  42  56   9.4072100e-06
  42  57   9.9293000e-04
  42  58   2.6912000e-03
  42  59   2.5799200e-03
  42  60   7.8809200e-03
  42  61   7.4981800e-03
  42  62   7.4423600e-03
  42  63   3.5906400e-03
  42  64   2.0505800e-03
  42  65   8.5414000e-04
  42  66   4.5278500e-04
  42  67   6.5181500e-05
  42  68   9.1775300e-06
  42  69   3.2834000e-07
  42  70   9.4569500e-09
  42  71   2.9503300e-10
  42  72   4.6337000e-12
  42  73   3.3579000e-14
  42  74   1.0000000e-30
  42  75   1.0000000e-30
  42  76   1.0000000e-30
  42  77   1.0000000e-30
  42  78   1.0000000e-30
  42  79   1.0000000e-30
  42  80   1.0000000e-30
  42  81   1.0000000e-30
  42  82   1.0000000e-30
  42  83   1.0000000e-30
  42  84   1.0000000e-30
  42  85   1.0000000e-30
  42  86   1.0000000e-30
  42  87   1.0000000e-30
  42  88   1.0000000e-30
  42  89   1.0000000e-30
  42  90   1.0000000e-30
  42  91   1.0000000e-30
  42  92   1.0000000e-30
  42  93   1.0000000e-30
  42  94   1.0000000e-30
  42  95   1.0000000e-30
  42  96   1.0000000e-30
  42  97   1.0000000e-30
  42  98   1.0000000e-30
  42  99   1.0000000e-30
  42 100   1.0000000e-30
  42 101   1.0000000e-30
  42 102   1.0000000e-30
  42 103   1.0000000e-30
  42 104   1.0000000e-30
  42 105   1.0000000e-30
  42 106   1.0000000e-30
  42 107   1.0000000e-30
  42 108   1.0000000e-30
  43  36   1.0000000e-30
  43  37   1.0000000e-30
  43  38   1.0000000e-30
  43  39   1.0000000e-30
  43  40   1.0000000e-30
  43  41   1.0000000e-30
  43  42   1.0000000e-30
  43  43   1.0000000e-30
  43  44   1.0000000e-30
  43  45   1.0000000e-30
  43  46   1.0000000e-30
  43  47   1.0000000e-30
  43  48   1.0000000e-30
  43  49   1.0000000e-30
  43  50   1.0000000e-30
  43  51   1.0000000e-30
  43  52   1.0000000e-30
  43  53   1.0000000e-30
  43  54   1.8075380e-11
  43  55   8.8080300e-10
  43  56   4.1543590e-08
  43  57   7.4598600e-07
  43  58   8.5483900e-06
  43  59   6.8986100e-05
  43  60   4.5782700e-04
  43  61   5.7490900e-04
  43  62   5.9526100e-04
  43  63   3.1474200e-04
  43  64   2.8003900e-04
  43  65   2.9756600e-04
  43  66   2.0701900e-04
  43  67   9.0307200e-05
  43  68   1.8754500e-05
  43  69   1.6977000e-06
  43  70   2.0442600e-07
  43  71   1.1684100e-08
  43  72   5.2438900e-10
  43  73   1.1983700e-11
  43  74   1.1165700e-13
  43  75   3.0356800e-15
  43  76   1.0000000e-30
  43  77   1.0000000e-30
  43  78   1.0000000e-30
  43  79   1.0000000e-30
  43  80   1.0000000e-30
  43  81   1.0000000e-30
  43  82   1.0000000e-30
  43  83   1.0000000e-30
  43  84   1.0000000e-30
  43  85   1.0000000e-30
  43  86   1.0000000e-30
  43  87   1.0000000e-30
  43  88   1.0000000e-30
  43  89   1.0000000e-30
  43  90   1.0000000e-30
  43  91   1.0000000e-30
  43  92   1.0000000e-30
  43  93   1.0000000e-30
  43  94   1.0000000e-30
  43  95   1.0000000e-30
  43  96   1.0000000e-30
  43  97   1.0000000e-30
  43  98   1.0000000e-30
  43  99   1.0000000e-30
  43 100   1.0000000e-30
  43 101   1.0000000e-30
  43 102   1.0000000e-30
  43 103   1.0000000e-30
  43 104   1.0000000e-30
  43 105   1.0000000e-30
  43 106   1.0000000e-30
  43 107   1.0000000e-30
  43 108   1.0000000e-30
  44  36   1.0000000e-30
  44  37   1.0000000e-30
  44  38   1.0000000e-30
  44  39   1.0000000e-30
  44  40   1.0000000e-30
  44  41   1.0000000e-30
  44  42   1.0000000e-30
  44  43   1.0000000e-30
  44  44   1.0000000e-30
  44  45   1.0000000e-30
  44  46   1.0000000e-30
  44  47   1.0000000e-30
  44  48   1.0000000e-30
  44  49   1.0000000e-30
  44  50   1.0000000e-30
  44  51   1.0000000e-30
  44  52   1.0000000e-30
  44  53   1.0000000e-30
  44  54   1.4580200e-14
  44  55   1.7875800e-12
  44  56   1.4480300e-10
  44  57   4.1244000e-09
  44  58   1.4680000e-07
  44  59   1.6718100e-06
  44  60   1.9673300e-09
  44  61   1.1732100e-04
  44  62   5.5594400e-05
  44  63   8.0990000e-07
  44  64   5.1530000e-06
  44  65   1.1831900e-04
  44  66   2.7145100e-04
  44  67   1.5066500e-04
  44  68   6.9076200e-05
  44  69   2.0415620e-05
  44  70   5.7022500e-06
  44  71   8.0737800e-07
  44  72   7.3899500e-08
  44  73   3.8746200e-09
  44  74   1.4380100e-10
  44  75   2.3368200e-12
  44  76   2.7562500e-14
  44  77   6.3943500e-16
  44  78   1.0000000e-30
  44  79   1.0000000e-30
  44  80   1.0000000e-30
  44  81   1.0000000e-30
  44  82   1.0000000e-30
  44  83   1.0000000e-30
  44  84   1.0000000e-30
  44  85   1.0000000e-30
  44  86   1.0000000e-30
  44  87   1.0000000e-30
  44  88   1.0000000e-30
  44  89   1.0000000e-30
  44  90   1.0000000e-30
  44  91   1.0000000e-30
  44  92   1.0000000e-30
  44  93   1.0000000e-30
  44  94   1.0000000e-30
  44  95   1.0000000e-30
  44  96   1.0000000e-30
  44  97   1.0000000e-30
  44  98   1.0000000e-30
  44  99   1.0000000e-30
  44 100   1.0000000e-30
  44 101   1.0000000e-30
  44 102   1.0000000e-30
  44 103   1.0000000e-30
  44 104   1.0000000e-30
  44 105   1.0000000e-30
  44 106   1.0000000e-30
  44 107   1.0000000e-30
  44 108   1.0000000e-30
  45  36   1.0000000e-30
  45  37   1.0000000e-30
  45  38   1.0000000e-30
  45  39   1.0000000e-30
  45  40   1.0000000e-30
  45  41   1.0000000e-30
  45  42   1.0000000e-30
  45  43   1.0000000e-30
  45  44   1.0000000e-30
  45  45   1.0000000e-30
  45  46   1.0000000e-30
  45  47   1.0000000e-30
  45  48   1.0000000e-30
  45  49   1.0000000e-30
  45  50   1.0000000e-30
  45  51   1.0000000e-30
  45  52   1.0000000e-30
  45  53   1.0000000e-30
  45  54   1.0000000e-30
  45  55   1.0000000e-30
  45  56   2.5381100e-14
  45  57   3.3554500e-12
  45  58   1.7795840e-10
  45  59   1.0000000e-30
  45  60   1.0000000e-30
  45  61   2.4966060e-07
  45  62   8.9578200e-13
  45  63   2.1570590e-11
  45  64   2.0971400e-06
  45  65   1.5558800e-05
  45  66   4.3960300e-05
  45  67   6.0716830e-05
  45  68   7.1303100e-05
  45  69   4.6024970e-05
  45  70   2.3128600e-05
  45  71   6.2349980e-06
  45  72   1.3182100e-06
  45  73   1.2982400e-07
  45  74   1.0685400e-08
  45  75   3.4553000e-10
  45  76   9.9857900e-12
  45  77   1.9074100e-13
  45  78   1.0000000e-30
  45  79   1.0000000e-30
  45  80   1.0000000e-30
  45  81   1.0000000e-30
  45  82   1.0000000e-30
  45  83   1.0000000e-30
  45  84   1.0000000e-30
  45  85   1.0000000e-30
  45  86   1.0000000e-30
  45  87   1.0000000e-30
  45  88   1.0000000e-30
  45  89   1.0000000e-30
  45  90   1.0000000e-30
  45  91   1.0000000e-30
  45  92   1.0000000e-30
  45  93   1.0000000e-30
  45  94   1.0000000e-30
  45  95   1.0000000e-30
  45  96   1.0000000e-30
  45  97   1.0000000e-30
  45  98   1.0000000e-30
  45  99   1.0000000e-30
  45 100   1.0000000e-30
  45 101   1.0000000e-30
  45 102   1.0000000e-30
  45 103   1.0000000e-30
  45 104   1.0000000e-30
  45 105   1.0000000e-30
  45 106   1.0000000e-30
  45 107   1.0000000e-30
  45 108   1.0000000e-30
  46  36   1.0000000e-30
  46  37   1.0000000e-30
  46  38   1.0000000e-30
  46  39   1.0000000e-30
  46  40   1.0000000e-30
  46  41   1.0000000e-30
  46  42   1.0000000e-30
  46  43   1.0000000e-30
  46  44   1.0000000e-30
  46  45   1.0000000e-30
  46  46   1.0000000e-30
  46  47   1.0000000e-30
  46  48   1.0000000e-30
  46  49   1.0000000e-30
  46  50   1.0000000e-30
  46  51   1.0000000e-30
  46  52   1.0000000e-30
  46  53   1.0000000e-30
  46  54   1.0000000e-30
  46  55   1.0000000e-30
  46  56   1.0000000e-30
  46  57   1.0000000e-30
  46  58   1.0000000e-30
  46  59   1.0000000e-30
  46  60   1.0000000e-30
  46  61   1.0000000e-30
  46  62   1.0000000e-30
  46  63   4.3141400e-09
  46  64   2.2169800e-07
  46  65   1.9982850e-06
  46  66   1.1903800e-05
  46  67   3.8891250e-05
  46  68   8.1199700e-05
  46  69   1.0653210e-04
  46  70   9.2354500e-05
  46  71   4.9263270e-05
  46  72   2.3927500e-05
  46  73   5.0032000e-06
  46  74   7.9092500e-07
  46  75   6.1516400e-08
  46  76   5.9818700e-09
  46  77   1.0000000e-30
  46  78   1.0000000e-30
  46  79   1.0000000e-30
  46  80   1.0000000e-30
  46  81   1.0000000e-30
  46  82   1.0000000e-30
  46  83   3.8186300e-13
  46  84   1.0000000e-30
  46  85   1.0000000e-30
  46  86   1.0000000e-30
  46  87   1.0000000e-30
  46  88   1.0000000e-30
  46  89   1.0000000e-30
  46  90   1.0000000e-30
  46  91   1.0000000e-30
  46  92   1.0000000e-30
  46  93   1.0000000e-30
  46  94   1.0000000e-30
  46  95   1.0000000e-30
  46  96   1.0000000e-30
  46  97   1.0000000e-30
  46  98   1.0000000e-30
  46  99   1.0000000e-30
  46 100   1.0000000e-30
  46 101   1.0000000e-30
  46 102   1.0000000e-30
  46 103   1.0000000e-30
  46 104   1.0000000e-30
  46 105   1.0000000e-30
  46 106   1.0000000e-30
  46 107   1.0000000e-30
  46 108   1.0000000e-30
  47  36   1.0000000e-30
  47  37   1.0000000e-30
  47  38   1.0000000e-30
  47  39   1.0000000e-30
  47  40   1.0000000e-30
  47  41   1.0000000e-30
  47  42   1.0000000e-30
  47  43   1.0000000e-30
  47  44   1.0000000e-30
  47  45   1.0000000e-30
  47  46   1.0000000e-30
  47  47   1.0000000e-30
  47  48   1.0000000e-30
  47  49   1.0000000e-30
  47  50   1.0000000e-30
  47  51   1.0000000e-30
  47  52   1.0000000e-30
  47  53   1.0000000e-30
  47  54   1.0000000e-30
  47  55   1.0000000e-30
  47  56   1.0000000e-30
  47  57   1.0000000e-30
  47  58   1.0000000e-30
  47  59   1.0000000e-30
  47  60   1.0000000e-30
  47  61   1.0000000e-30
  47  62   1.9173930e-13
  47  63   3.6350600e-11
  47  64   2.1570700e-09
  47  65   3.4553000e-08
  47  66   7.2431500e-07
  47  67   3.9150740e-06
  47  68   2.4766330e-05
  47  69   3.5309170e-05
  47  70   6.9844990e-05
  47  71   6.6769300e-05
  47  72   5.5276900e-05
  47  73   2.2079920e-05
  47  74   8.0191000e-06
  47  75   2.0272410e-06
  47  76   6.9305900e-10
  47  77   7.2102000e-11
  47  78   8.9278700e-12
  47  79   7.4199100e-13
  47  80   7.3699800e-14
  47  81   1.0000000e-30
  47  82   5.9633800e-09
  47  83   4.1943000e-11
  47  84   1.4158600e-12
  47  85   1.0000000e-30
  47  86   1.0000000e-30
  47  87   1.0000000e-30
  47  88   1.0000000e-30
  47  89   1.0000000e-30
  47  90   1.0000000e-30
  47  91   1.0000000e-30
  47  92   1.0000000e-30
  47  93   1.0000000e-30
  47  94   1.0000000e-30
  47  95   1.0000000e-30
  47  96   1.0000000e-30
  47  97   1.0000000e-30
  47  98   1.0000000e-30
  47  99   1.0000000e-30
  47 100   1.0000000e-30
  47 101   1.0000000e-30
  47 102   1.0000000e-30
  47 103   1.0000000e-30
  47 104   1.0000000e-30
  47 105   1.0000000e-30
  47 106   1.0000000e-30
  47 107   1.0000000e-30
  47 108   1.0000000e-30
  48  36   1.0000000e-30
  48  37   1.0000000e-30
  48  38   1.0000000e-30
  48  39   1.0000000e-30
  48  40   1.0000000e-30
  48  41   1.0000000e-30
  48  42   1.0000000e-30
  48  43   1.0000000e-30
  48  44   1.0000000e-30
  48  45   1.0000000e-30
  48  46   1.0000000e-30
  48  47   1.0000000e-30
  48  48   1.0000000e-30
  48  49   1.0000000e-30
  48  50   1.0000000e-30
  48  51   1.0000000e-30
  48  52   1.0000000e-30
  48  53   1.0000000e-30
  48  54   1.0000000e-30
  48  55   1.0000000e-30
  48  56   1.0000000e-30
  48  57   1.0000000e-30
  48  58   1.0000000e-30
  48  59   1.0000000e-30
  48  60   1.0000000e-30
  48  61   1.0000000e-30
  48  62   1.0000000e-30
  48  63   2.3098690e-13
  48  64   2.4566600e-11
  48  65   1.4909680e-09
  48  66   3.0059100e-08
  48  67   5.7322200e-07
  48  68   3.1756800e-06
  48  69   1.6237980e-05
  48  70   6.2145500e-05
  48  71   1.1386530e-04
  48  72   1.6876100e-04
  48  73   1.3514640e-04
  48  74   1.4867800e-04
  48  75   1.9074810e-05
  48  76   9.7367700e-06
  48  77   3.0111010e-06
  48  78   1.2083600e-06
  48  79   3.6150900e-07
  48  80   5.0032000e-08
  48  81   9.1815500e-06
  48  82   7.9591800e-07
  48  83   4.9131800e-08
  48  84   7.3100700e-10
  48  85   1.4579200e-11
  48  86   1.0086200e-13
  48  87   1.0000000e-30
  48  88   1.0000000e-30
  48  89   1.0000000e-30
  48  90   1.0000000e-30
  48  91   1.0000000e-30
  48  92   1.0000000e-30
  48  93   1.0000000e-30
  48  94   1.0000000e-30
  48  95   1.0000000e-30
  48  96   1.0000000e-30
  48  97   1.0000000e-30
  48  98   1.0000000e-30
  48  99   1.0000000e-30
  48 100   1.0000000e-30
  48 101   1.0000000e-30
  48 102   1.0000000e-30
  48 103   1.0000000e-30
  48 104   1.0000000e-30
  48 105   1.0000000e-30
  48 106   1.0000000e-30
  48 107   1.0000000e-30
  48 108   1.0000000e-30
  49  36   1.0000000e-30
  49  37   1.0000000e-30
  49  38   1.0000000e-30
  49  39   1.0000000e-30
  49  40   1.0000000e-30
  49  41   1.0000000e-30
  49  42   1.0000000e-30
  49  43   1.0000000e-30
  49  44   1.0000000e-30
  49  45   1.0000000e-30
  49  46   1.0000000e-30
  49  47   1.0000000e-30
  49  48   1.0000000e-30
  49  49   1.0000000e-30
  49  50   1.0000000e-30
  49  51   1.0000000e-30
  49  52   1.0000000e-30
  49  53   1.0000000e-30
  49  54   1.0000000e-30
  49  55   1.0000000e-30
  49  56   1.0000000e-30
  49  57   1.0000000e-30
  49  58   1.0000000e-30
  49  59   1.0000000e-30
  49  60   1.0000000e-30
  49  61   1.0000000e-30
  49  62   1.0000000e-30
  49  63   1.0000000e-30
  49  64   6.0917200e-14
  49  65   3.3517070e-12
  49  66   2.4286950e-10
  49  67   4.3341060e-09
  49  68   1.0525700e-07
  49  69   9.8566000e-07
  49  70   7.7994000e-06
  49  71   2.5305590e-05
  49  72   7.9402100e-05
  49  73   1.8271160e-04
  49  74   4.1971920e-04
  49  75   3.5225300e-04
  49  76   4.3441020e-04
  49  77   3.8377800e-04
  49  78   6.4753830e-04
  49  79   2.1829300e-04
  49  80   9.1678600e-04
  49  81   1.6579830e-04
  49  82   5.5669340e-05
  49  83   1.7875800e-06
  49  84   2.2767600e-07
  49  85   3.8248000e-09
  49  86   2.7281200e-11
  49  87   2.8860800e-13
  49  88   1.0000000e-30
  49  89   1.0000000e-30
  49  90   1.0000000e-30
  49  91   1.0000000e-30
  49  92   1.0000000e-30
  49  93   1.0000000e-30
  49  94   1.0000000e-30
  49  95   1.0000000e-30
  49  96   1.0000000e-30
  49  97   1.0000000e-30
  49  98   1.0000000e-30
  49  99   1.0000000e-30
  49 100   1.0000000e-30
  49 101   1.0000000e-30
  49 102   1.0000000e-30
  49 103   1.0000000e-30
  49 104   1.0000000e-30
  49 105   1.0000000e-30
  49 106   1.0000000e-30
  49 107   1.0000000e-30
  49 108   1.0000000e-30
  50  36   1.0000000e-30
  50  37   1.0000000e-30
  50  38   1.0000000e-30
  50  39   1.0000000e-30
  50  40   1.0000000e-30
  50  41   1.0000000e-30
  50  42   1.0000000e-30
  50  43   1.0000000e-30
  50  44   1.0000000e-30
  50  45   1.0000000e-30
  50  46   1.0000000e-30
  50  47   1.0000000e-30
  50  48   1.0000000e-30
  50  49   1.0000000e-30
  50  50   1.0000000e-30
  50  51   1.0000000e-30
  50  52   1.0000000e-30
  50  53   1.0000000e-30
  50  54   1.0000000e-30
  50  55   1.0000000e-30
  50  56   1.0000000e-30
  50  57   1.0000000e-30
  50  58   1.0000000e-30
  50  59   1.0000000e-30
  50  60   1.0000000e-30
  50  61   1.0000000e-30
  50  62   1.0000000e-30
  50  63   1.0000000e-30
  50  64   1.0000000e-30
  50  65   1.2283300e-14
  50  66   1.1184800e-12
  50  67   7.3699900e-11
  50  68   3.4253400e-09
  50  69   7.0104700e-08
  50  70   1.0585600e-06
  50  71   7.8493300e-06
  50  72   7.5227800e-05
  50  73   1.6190960e-04
  50  74   3.8280900e-04
  50  75   7.2735200e-04
  50  76   1.8534000e-03
  50  77   4.8011300e-03
  50  78   6.6595000e-03
  50  79   1.0263210e-02
  50  80   7.7656100e-03
  50  81   5.0642400e-03
  50  82   8.4614000e-04
  50  83   2.8131800e-04
  50  84   2.5874800e-05
  50  85   9.4668600e-07
  50  86   2.9959200e-08
  50  87   3.0258800e-10
  50  88   5.6323500e-12
  50  89   6.1577700e-14
  50  90   1.0000000e-30
  50  91   1.0000000e-30
  50  92   1.0000000e-30
  50  93   1.0000000e-30
  50  94   1.0000000e-30
  50  95   1.0000000e-30
  50  96   1.0000000e-30
  50  97   1.0000000e-30
  50  98   1.0000000e-30
  50  99   1.0000000e-30
  50 100   1.0000000e-30
  50 101   1.0000000e-30
  50 102   1.0000000e-30
  50 103   1.0000000e-30
  50 104   1.0000000e-30
  50 105   1.0000000e-30
  50 106   1.0000000e-30
  50 107   1.0000000e-30
  50 108   1.0000000e-30
  51  36   1.0000000e-30
  51  37   1.0000000e-30
  51  38   1.0000000e-30
  51  39   1.0000000e-30
  51  40   1.0000000e-30
  51  41   1.0000000e-30
  51  42   1.0000000e-30
  51  43   1.0000000e-30
  51  44   1.0000000e-30
  51  45   1.0000000e-30
  51  46   1.0000000e-30
  51  47   1.0000000e-30
  51  48   1.0000000e-30
  51  49   1.0000000e-30
  51  50   1.0000000e-30
  51  51   1.0000000e-30
  51  52   1.0000000e-30
  51  53   1.0000000e-30
  51  54   1.0000000e-30
  51  55   1.0000000e-30
  51  56   1.0000000e-30
  51  57   1.0000000e-30
  51  58   1.0000000e-30
  51  59   1.0000000e-30
  51  60   1.0000000e-30
  51  61   1.0000000e-30
  51  62   1.0000000e-30
  51  63   1.0000000e-30
  51  64   1.0000000e-30
  51  65   1.0000000e-30
  51  66   1.0000000e-30
  51  67   1.2912450e-13
  51  68   1.3481700e-11
  51  69   5.4326100e-10
  51  70   1.9673300e-08
  51  71   5.2829500e-07
  51  72   8.2088400e-08
  51  73   4.1543400e-07
  51  74   3.2156300e-06
  51  75   1.7835770e-05
  51  76   1.7860800e-04
  51  77   1.4664470e-03
  51  78   4.2201800e-03
  51  79   1.0455890e-02
  51  80   1.4341900e-02
  51  81   1.0932240e-02
  51  82   7.9742300e-03
  51  83   2.0078610e-03
  51  84   3.7613900e-04
  51  85   3.2735500e-05
  51  86   1.6178000e-06
  51  87   7.7594500e-08
  51  88   9.6163100e-10
  51  89   1.4925400e-11
  51  90   7.1459500e-13
  51  91   1.0000000e-30
  51  92   1.0000000e-30
  51  93   1.0000000e-30
  51  94   1.0000000e-30
  51  95   1.0000000e-30
  51  96   1.0000000e-30
  51  97   1.0000000e-30
  51  98   1.0000000e-30
  51  99   1.0000000e-30
  51 100   1.0000000e-30
  51 101   1.0000000e-30
  51 102   1.0000000e-30
  51 103   1.0000000e-30
  51 104   1.0000000e-30
  51 105   1.0000000e-30
  51 106   1.0000000e-30
  51 107   1.0000000e-30
  51 108   1.0000000e-30
  52  36   1.0000000e-30
  52  37   1.0000000e-30
  52  38   1.0000000e-30
  52  39   1.0000000e-30
  52  40   1.0000000e-30
  52  41   1.0000000e-30
  52  42   1.0000000e-30
  52  43   1.0000000e-30
  52  44   1.0000000e-30
  52  45   1.0000000e-30
  52  46   1.0000000e-30
  52  47   1.0000000e-30
  52  48   1.0000000e-30
  52  49   1.0000000e-30
  52  50   1.0000000e-30
  52  51   1.0000000e-30
  52  52   1.0000000e-30
  52  53   1.0000000e-30
  52  54   1.0000000e-30
  52  55   1.0000000e-30
  52  56   1.0000000e-30
  52  57   1.0000000e-30
  52  58   1.0000000e-30
  52  59   1.0000000e-30
  52  60   1.0000000e-30
  52  61   1.0000000e-30
  52  62   1.0000000e-30
  52  63   1.0000000e-30
  52  64   1.0000000e-30
  52  65   1.0000000e-30
  52  66   1.0000000e-30
  52  67   1.0000000e-30
  52  68   5.1330200e-14
  52  69   5.0930800e-12
  52  70   6.2215400e-10
  52  71   6.9106100e-14
  52  72   1.5678700e-12
  52  73   3.4902500e-11
  52  74   8.0490600e-10
  52  75   2.2070010e-08
  52  76   4.1144100e-07
  52  77   3.1798740e-04
  52  78   2.4745800e-03
  52  79   1.6177810e-02
  52  80   3.5749700e-02
  52  81   4.3492200e-02
  52  82   3.8225500e-02
  52  83   1.6851600e-02
  52  84   7.1694200e-03
  52  85   8.7965500e-04
  52  86   1.9486500e-04
  52  87   5.9219500e-06
  52  88   7.0702400e-07
  52  89   2.4797200e-08
  52  90   2.4067300e-10
  52  91   1.8599200e-12
  52  92   2.8561600e-13
  52  93   1.0000000e-30
  52  94   1.0000000e-30
  52  95   1.0000000e-30
  52  96   1.0000000e-30
  52  97   1.0000000e-30
  52  98   1.0000000e-30
  52  99   1.0000000e-30
  52 100   1.0000000e-30
  52 101   1.0000000e-30
  52 102   1.0000000e-30
  52 103   1.0000000e-30
  52 104   1.0000000e-30
  52 105   1.0000000e-30
  52 106   1.0000000e-30
  52 107   1.0000000e-30
  52 108   1.0000000e-30
  53  36   1.0000000e-30
  53  37   1.0000000e-30
  53  38   1.0000000e-30
  53  39   1.0000000e-30
  53  40   1.0000000e-30
  53  41   1.0000000e-30
  53  42   1.0000000e-30
  53  43   1.0000000e-30
  53  44   1.0000000e-30
  53  45   1.0000000e-30
  53  46   1.0000000e-30
  53  47   1.0000000e-30
  53  48   1.0000000e-30
  53  49   1.0000000e-30
  53  50   1.0000000e-30
  53  51   1.0000000e-30
  53  52   1.0000000e-30
  53  53   1.0000000e-30
  53  54   1.0000000e-30
  53  55   1.0000000e-30
  53  56   1.0000000e-30
  53  57   1.0000000e-30
  53  58   1.0000000e-30
  53  59   1.0000000e-30
  53  60   1.0000000e-30
  53  61   1.0000000e-30
  53  62   1.0000000e-30
  53  63   1.0000000e-30
  53  64   1.0000000e-30
  53  65   1.0000000e-30
  53  66   1.0000000e-30
  53  67   1.0000000e-30
  53  68   1.0000000e-30
  53  69   1.0000000e-30
  53  70   1.0000000e-30
  53  71   1.0000000e-30
  53  72   1.0000000e-30
  53  73   1.0000000e-30
  53  74   1.0000000e-30
  53  75   7.4199100e-07
  53  76   5.5624400e-07
  53  77   2.5904720e-05
  53  78   3.6301700e-04
  53  79   1.9278230e-03
  53  80   7.1130100e-03
  53  81   2.0862470e-02
  53  82   3.3002800e-02
  53  83   2.2069180e-02
  53  84   1.5518800e-02
  53  85   5.9496000e-03
  53  86   2.1686100e-03
  53  87   2.2567300e-04
  53  88   1.7181800e-05
  53  89   8.8579700e-07
  53  90   2.9045600e-08
  53  91   3.2674100e-09
  53  92   1.7093900e-11
  53  93   3.4994600e-13
  53  94   1.0000000e-30
  53  95   1.0000000e-30
  53  96   1.0000000e-30
  53  97   1.0000000e-30
  53  98   1.0000000e-30
  53  99   1.0000000e-30
  53 100   1.0000000e-30
  53 101   1.0000000e-30
  53 102   1.0000000e-30
  53 103   1.0000000e-30
  53 104   1.0000000e-30
  53 105   1.0000000e-30
  53 106   1.0000000e-30
  53 107   1.0000000e-30
  53 108   1.0000000e-30
  54  36   1.0000000e-30
  54  37   1.0000000e-30
  54  38   1.0000000e-30
  54  39   1.0000000e-30
  54  40   1.0000000e-30
  54  41   1.0000000e-30
  54  42   1.0000000e-30
  54  43   1.0000000e-30
  54  44   1.0000000e-30
  54  45   1.0000000e-30
  54  46   1.0000000e-30
  54  47   1.0000000e-30
  54  48   1.0000000e-30
  54  49   1.0000000e-30
  54  50   1.0000000e-30
  54  51   1.0000000e-30
  54  52   1.0000000e-30
  54  53   1.0000000e-30
  54  54   1.0000000e-30
  54  55   1.0000000e-30
  54  56   1.0000000e-30
  54  57   1.0000000e-30
  54  58   1.0000000e-30
  54  59   1.0000000e-30
  54  60   1.0000000e-30
  54  61   1.0000000e-30
  54  62   1.0000000e-30
  54  63   1.0000000e-30
  54  64   1.0000000e-30
  54  65   1.0000000e-30
  54  66   1.0000000e-30
  54  67   1.0000000e-30
  54  68   1.0000000e-30
  54  69   1.0000000e-30
  54  70   1.0000000e-30
  54  71   1.0000000e-30
  54  72   1.0000000e-30
  54  73   1.0000000e-30
  54  74   3.5152200e-10
  54  75   9.6169300e-11
  54  76   2.5765000e-08
  54  77   3.7848500e-07
  54  78   9.7848500e-06
  54  79   5.5913000e-04
  54  80   1.7962200e-03
  54  81   1.2252660e-02
  54  82   3.7311600e-02
  54  83   4.4769500e-02
  54  84   4.2962200e-02
  54  85   2.9010100e-02
  54  86   1.5692500e-02
  54  87   3.3990800e-03
  54  88   8.9860800e-04
  54  89   4.4720200e-05
  54  90   6.8674000e-06
  54  91   5.9317700e-07
  54  92   1.6577100e-08
  54  93   1.7924700e-11
  54  94   1.6377800e-12
  54  95   1.0542700e-13
  54  96   1.0000000e-30
  54  97   1.0000000e-30
  54  98   1.0000000e-30
  54  99   1.0000000e-30
  54 100   1.0000000e-30
  54 101   1.0000000e-30
  54 102   1.0000000e-30
  54 103   1.0000000e-30
  54 104   1.0000000e-30
  54 105   1.0000000e-30
  54 106   1.0000000e-30
  54 107   1.0000000e-30
  54 108   1.0000000e-30
  55  36   1.0000000e-30
  55  37   1.0000000e-30
  55  38   1.0000000e-30
  55  39   1.0000000e-30
  55  40   1.0000000e-30
  55  41   1.0000000e-30
  55  42   1.0000000e-30
  55  43   1.0000000e-30
  55  44   1.0000000e-30
  55  45   1.0000000e-30
  55  46   1.0000000e-30
  55  47   1.0000000e-30
  55  48   1.0000000e-30
  55  49   1.0000000e-30
  55  50   1.0000000e-30
  55  51   1.0000000e-30
  55  52   1.0000000e-30
  55  53   1.0000000e-30
  55  54   1.0000000e-30
  55  55   1.0000000e-30
  55  56   1.0000000e-30
  55  57   1.0000000e-30
  55  58   1.0000000e-30
  55  59   1.0000000e-30
  55  60   1.0000000e-30
  55  61   1.0000000e-30
  55  62   1.0000000e-30
  55  63   1.0000000e-30
  55  64   1.0000000e-30
  55  65   1.0000000e-30
  55  66   1.0000000e-30
  55  67   1.0000000e-30
  55  68   1.0000000e-30
  55  69   1.0000000e-30
  55  70   1.0000000e-30
  55  71   1.0000000e-30
  55  72   1.0000000e-30
  55  73   1.0000000e-30
  55  74   1.0000000e-30
  55  75   1.0000000e-30
  55  76   1.5179400e-11
  55  77   1.0985000e-09
  55  78   7.4598600e-08
  55  79   2.6763700e-06
  55  80   5.8830100e-05
  55  81   1.2974080e-03
  55  82   7.1000400e-03
  55  83   9.6991600e-03
  55  84   2.6339000e-02
  55  85   2.8882800e-02
  55  86   3.3070100e-02
  55  87   1.2567600e-02
  55  88   4.0429800e-03
  55  89   1.0213700e-03
  55  90   2.4313000e-04
  55  91   1.7016900e-05
  55  92   2.7992300e-07
  55  93   2.0572100e-08
  55  94   1.6464100e-09
  55  95   4.0844500e-12
  55  96   1.1654200e-13
  55  97   1.0000000e-30
  55  98   1.0000000e-30
  55  99   1.0000000e-30
  55 100   1.0000000e-30
  55 101   1.0000000e-30
  55 102   1.0000000e-30
  55 103   1.0000000e-30
  55 104   1.0000000e-30
  55 105   1.0000000e-30
  55 106   1.0000000e-30
  55 107   1.0000000e-30
  55 108   1.0000000e-30
  56  36   1.0000000e-30
  56  37   1.0000000e-30
  56  38   1.0000000e-30
  56  39   1.0000000e-30
  56  40   1.0000000e-30
  56  41   1.0000000e-30
  56  42   1.0000000e-30
  56  43   1.0000000e-30
  56  44   1.0000000e-30
  56  45   1.0000000e-30
  56  46   1.0000000e-30
  56  47   1.0000000e-30
  56  48   1.0000000e-30
  56  49   1.0000000e-30
  56  50   1.0000000e-30
  56  51   1.0000000e-30
  56  52   1.0000000e-30
  56  53   1.0000000e-30
  56  54   1.0000000e-30
  56  55   1.0000000e-30
  56  56   1.0000000e-30
  56  57   1.0000000e-30
  56  58   1.0000000e-30
  56  59   1.0000000e-30
  56  60   1.0000000e-30
  56  61   1.0000000e-30
  56  62   1.0000000e-30
  56  63   1.0000000e-30
  56  64   1.0000000e-30
  56  65   1.0000000e-30
  56  66   1.0000000e-30
  56  67   1.0000000e-30
  56  68   1.0000000e-30
  56  69   1.0000000e-30
  56  70   1.0000000e-30
  56  71   1.0000000e-30
  56  72   1.0000000e-30
  56  73   1.0000000e-30
  56  74   1.0000000e-30
  56  75   1.0000000e-30
  56  76   2.0072700e-14
  56  77   2.0615000e-13
  56  78   7.5896900e-10
  56  79   4.8034800e-08
  56  80   4.5438200e-06
  56  81   3.5821300e-05
  56  82   3.1692900e-04
  56  83   5.6340100e-03
  56  84   1.9095100e-02
  56  85   2.6605600e-02
  56  86   4.8433300e-02
  56  87   3.6642400e-02
  56  88   3.1732400e-02
  56  89   1.1656100e-02
  56  90   3.5155000e-03
  56  91   4.3098400e-04
  56  92   4.7145900e-05
  56  93   2.5349100e-06
  56  94   1.0885200e-07
  56  95   4.0441200e-09
  56  96   3.3155000e-11
  56  97   1.7136800e-13
  56  98   1.0000000e-30
  56  99   1.0000000e-30
  56 100   1.0000000e-30
  56 101   1.0000000e-30
  56 102   1.0000000e-30
  56 103   1.0000000e-30
  56 104   1.0000000e-30
  56 105   1.0000000e-30
  56 106   1.0000000e-30
  56 107   1.0000000e-30
  56 108   1.0000000e-30
  57  36   1.0000000e-30
  57  37   1.0000000e-30
  57  38   1.0000000e-30
  57  39   1.0000000e-30
  57  40   1.0000000e-30
  57  41   1.0000000e-30
  57  42   1.0000000e-30
  57  43   1.0000000e-30
  57  44   1.0000000e-30
  57  45   1.0000000e-30
  57  46   1.0000000e-30
  57  47   1.0000000e-30
  57  48   1.0000000e-30
  57  49   1.0000000e-30
  57  50   1.0000000e-30
  57  51   1.0000000e-30
  57  52   1.0000000e-30
  57  53   1.0000000e-30
  57  54   1.0000000e-30
  57  55   1.0000000e-30
  57  56   1.0000000e-30
  57  57   1.0000000e-30
  57  58   1.0000000e-30
  57  59   1.0000000e-30
  57  60   1.0000000e-30
  57  61   1.0000000e-30
  57  62   1.0000000e-30
  57  63   1.0000000e-30
  57  64   1.0000000e-30
  57  65   1.0000000e-30
  57  66   1.0000000e-30
  57  67   1.0000000e-30
  57  68   1.0000000e-30
  57  69   1.0000000e-30
  57  70   1.0000000e-30
  57  71   1.0000000e-30
  57  72   1.0000000e-30
  57  73   1.0000000e-30
  57  74   1.0000000e-30
  57  75   1.0000000e-30
  57  76   1.0000000e-30
  57  77   1.0000000e-30
  57  78   7.7095300e-13
  57  79   1.0000000e-30
  57  80   8.0191000e-09
  57  81   1.7875800e-07
  57  82   5.6523200e-06
  57  83   2.6315200e-04
  57  84   1.6284500e-03
  57  85   4.6315500e-03
  57  86   1.8588300e-02
  57  87   1.2832600e-02
  57  88   1.7681000e-02
  57  89   1.0888300e-02
  57  90   5.3335600e-03
  57  91   1.3164700e-03
  57  92   3.0253800e-04
  57  93   3.1836700e-05
  57  94   2.8021400e-06
  57  95   1.0785300e-07
  57  96   2.6761900e-09
  57  97   2.9160400e-11
  57  98   1.4504000e-13
  57  99   2.7616300e-15
  57 100   1.0000000e-30
  57 101   1.0000000e-30
  57 102   1.0000000e-30
  57 103   1.0000000e-30
  57 104   1.0000000e-30
  57 105   1.0000000e-30
  57 106   1.0000000e-30
  57 107   1.0000000e-30
  57 108   1.0000000e-30
  58  36   1.0000000e-30
  58  37   1.0000000e-30
  58  38   1.0000000e-30
  58  39   1.0000000e-30
  58  40   1.0000000e-30
  58  41   1.0000000e-30
  58  42   1.0000000e-30
  58  43   1.0000000e-30
  58  44   1.0000000e-30
  58  45   1.0000000e-30
  58  46   1.0000000e-30
  58  47   1.0000000e-30
  58  48   1.0000000e-30
  58  49   1.0000000e-30
  58  50   1.0000000e-30
  58  51   1.0000000e-30
  58  52   1.0000000e-30
  58  53   1.0000000e-30
  58  54   1.0000000e-30
  58  55   1.0000000e-30
  58  56   1.0000000e-30
  58  57   1.0000000e-30
  58  58   1.0000000e-30
  58  59   1.0000000e-30
  58  60   1.0000000e-30
  58  61   1.0000000e-30
  58  62   1.0000000e-30
  58  63   1.0000000e-30
  58  64   1.0000000e-30
  58  65   1.0000000e-30
  58  66   1.0000000e-30
  58  67   1.0000000e-30
  58  68   1.0000000e-30
  58  69   1.0000000e-30
  58  70   1.0000000e-30
  58  71   1.0000000e-30
  58  72   1.0000000e-30
  58  73   1.0000000e-30
  58  74   1.0000000e-30
  58  75   1.0000000e-30
  58  76   1.0000000e-30
  58  77   1.0000000e-30
  58  78   1.0000000e-30
  58  79   1.4831800e-14
  58  80   1.6606000e-12
  58  81   1.4630110e-09
  58  82   8.7680900e-08
  58  83   1.8474900e-06
  58  84   3.4283400e-05
  58  85   2.9307200e-04
  58  86   1.6005800e-03
  58  87   4.8068100e-03
  58  88   1.1205700e-02
  58  89   1.0800600e-02
  58  90   1.0059800e-02
  58  91   4.7003600e-03
  58  92   2.0256400e-03
  58  93   3.6292920e-04
  58  94   6.6659400e-05
  58  95   4.0944400e-06
  58  96   2.0372300e-07
  58  97   5.0330200e-09
  58  98   1.3082000e-10
  58  99   1.3381900e-12
  58 100   1.0000000e-30
  58 101   7.7371700e-17
  58 102   1.0000000e-30
  58 103   1.0000000e-30
  58 104   1.0000000e-30
  58 105   1.0000000e-30
  58 106   1.0000000e-30
  58 107   1.0000000e-30
  58 108   1.0000000e-30
  59  36   1.0000000e-30
  59  37   1.0000000e-30
  59  38   1.0000000e-30
  59  39   1.0000000e-30
  59  40   1.0000000e-30
  59  41   1.0000000e-30
  59  42   1.0000000e-30
  59  43   1.0000000e-30
  59  44   1.0000000e-30
  59  45   1.0000000e-30
  59  46   1.0000000e-30
  59  47   1.0000000e-30
  59  48   1.0000000e-30
  59  49   1.0000000e-30
  59  50   1.0000000e-30
  59  51   1.0000000e-30
  59  52   1.0000000e-30
  59  53   1.0000000e-30
  59  54   1.0000000e-30
  59  55   1.0000000e-30
  59  56   1.0000000e-30
  59  57   1.0000000e-30
  59  58   1.0000000e-30
  59  59   1.0000000e-30
  59  60   1.0000000e-30
  59  61   1.0000000e-30
  59  62   1.0000000e-30
  59  63   1.0000000e-30
  59  64   1.0000000e-30
  59  65   1.0000000e-30
  59  66   1.0000000e-30
  59  67   1.0000000e-30
  59  68   1.0000000e-30
  59  69   1.0000000e-30
  59  70   1.0000000e-30
  59  71   1.0000000e-30
  59  72   1.0000000e-30
  59  73   1.0000000e-30
  59  74   1.0000000e-30
  59  75   1.0000000e-30
  59  76   1.0000000e-30
  59  77   1.0000000e-30
  59  78   1.0000000e-30
  59  79   1.0000000e-30
  59  80   1.0000000e-30
  59  81   1.1384500e-12
  59  82   1.0685400e-10
  59  83   5.2828100e-09
  59  84   2.1271100e-07
  59  85   2.7512680e-06
  59  86   3.7129600e-05
  59  87   1.9888000e-04
  59  88   7.8750000e-04
  59  89   1.5085520e-03
  59  90   2.5344700e-03
  59  91   2.1948000e-03
  59  92   1.6083900e-03
  59  93   5.5613400e-04
  59  94   1.4332500e-04
  59  95   1.6257900e-05
  59  96   1.8275100e-06
  59  97   1.1484400e-07
  59  98   5.2428800e-09
  59  99   6.3913100e-11
  59 100   1.2082800e-12
  59 101   1.0000000e-30
  59 102   6.9066300e-17
  59 103   1.0000000e-30
  59 104   1.0000000e-30
  59 105   1.0000000e-30
  59 106   1.0000000e-30
  59 107   1.0000000e-30
  59 108   1.0000000e-30
  60  36   1.0000000e-30
  60  37   1.0000000e-30
  60  38   1.0000000e-30
  60  39   1.0000000e-30
  60  40   1.0000000e-30
  60  41   1.0000000e-30
  60  42   1.0000000e-30
  60  43   1.0000000e-30
  60  44   1.0000000e-30
  60  45   1.0000000e-30
  60  46   1.0000000e-30
  60  47   1.0000000e-30
  60  48   1.0000000e-30
  60  49   1.0000000e-30
  60  50   1.0000000e-30
  60  51   1.0000000e-30
  60  52   1.0000000e-30
  60  53   1.0000000e-30
  60  54   1.0000000e-30
  60  55   1.0000000e-30
  60  56   1.0000000e-30
  60  57   1.0000000e-30
  60  58   1.0000000e-30
  60  59   1.0000000e-30
  60  60   1.0000000e-30
  60  61   1.0000000e-30
  60  62   1.0000000e-30
  60  63   1.0000000e-30
  60  64   1.0000000e-30
  60  65   1.0000000e-30
  60  66   1.0000000e-30
  60  67   1.0000000e-30
  60  68   1.0000000e-30
  60  69   1.0000000e-30
  60  70   1.0000000e-30
  60  71   1.0000000e-30
  60  72   1.0000000e-30
  60  73   1.0000000e-30
  60  74   1.0000000e-30
  60  75   1.0000000e-30
  60  76   1.0000000e-30
  60  77   1.0000000e-30
  60  78   1.0000000e-30
  60  79   1.0000000e-30
  60  80   1.0000000e-30
  60  81   1.0000000e-30
  60  82   1.4580200e-13
  60  83   1.5279200e-11
  60  84   9.1176100e-10
  60  85   3.1257500e-08
  60  86   7.7894100e-07
  60  87   7.5097900e-06
  60  88   6.2974400e-05
  60  89   2.3346300e-04
  60  90   7.9364100e-04
  60  91   1.1144300e-03
  60  92   1.4394100e-03
  60  93   7.4314000e-04
  60  94   3.1828700e-04
  60  95   7.8293600e-05
  60  96   2.0512100e-05
  60  97   2.1171300e-06
  60  98   1.1484400e-07
  60  99   5.1130500e-09
  60 100   1.5678700e-10
  60 101   2.3966700e-12
  60 102   6.3577100e-15
  60 103   1.0000000e-30
  60 104   1.0000000e-30
  60 105   1.0000000e-30
  60 106   1.0000000e-30
  60 107   1.0000000e-30
  60 108   1.0000000e-30
  61  36   1.0000000e-30
  61  37   1.0000000e-30
  61  38   1.0000000e-30
  61  39   1.0000000e-30
  61  40   1.0000000e-30
  61  41   1.0000000e-30
  61  42   1.0000000e-30
  61  43   1.0000000e-30
  61  44   1.0000000e-30
  61  45   1.0000000e-30
  61  46   1.0000000e-30
  61  47   1.0000000e-30
  61  48   1.0000000e-30
  61  49   1.0000000e-30
  61  50   1.0000000e-30
  61  51   1.0000000e-30
  61  52   1.0000000e-30
  61  53   1.0000000e-30
  61  54   1.0000000e-30
  61  55   1.0000000e-30
  61  56   1.0000000e-30
  61  57   1.0000000e-30
  61  58   1.0000000e-30
  61  59   1.0000000e-30
  61  60   1.0000000e-30
  61  61   1.0000000e-30
  61  62   1.0000000e-30
  61  63   1.0000000e-30
  61  64   1.0000000e-30
  61  65   1.0000000e-30
  61  66   1.0000000e-30
  61  67   1.0000000e-30
  61  68   1.0000000e-30
  61  69   1.0000000e-30
  61  70   1.0000000e-30
  61  71   1.0000000e-30
  61  72   1.0000000e-30
  61  73   1.0000000e-30
  61  74   1.0000000e-30
  61  75   1.0000000e-30
  61  76   1.0000000e-30
  61  77   1.0000000e-30
  61  78   1.0000000e-30
  61  79   1.0000000e-30
  61  80   1.0000000e-30
  61  81   1.0000000e-30
  61  82   1.0000000e-30
  61  83   1.0000000e-30
  61  84   5.1829600e-13
  61  85   1.0985000e-10
  61  86   1.4979600e-09
  61  87   1.2902460e-08
  61  88   5.3527300e-07
  61  89   4.3640700e-06
  61  90   2.6414100e-05
  61  91   7.0344400e-05
  61  92   1.4091800e-04
  61  93   1.1797930e-04
  61  94   1.0739400e-04
  61  95   5.5754200e-05
  61  96   2.1570700e-05
  61  97   2.5465400e-06
  61  98   4.6736500e-07
  61  99   3.2655600e-08
  61 100   2.1770500e-09
  61 101   1.6577500e-11
  61 102   5.3028000e-13
  61 103   8.7055700e-15
  61 104   1.0000000e-30
  61 105   4.6167600e-19
  61 106   1.0000000e-30
  61 107   1.0000000e-30
  61 108   1.0000000e-30
  62  36   1.0000000e-30
  62  37   1.0000000e-30
  62  38   1.0000000e-30
  62  39   1.0000000e-30
  62  40   1.0000000e-30
  62  41   1.0000000e-30
  62  42   1.0000000e-30
  62  43   1.0000000e-30
  62  44   1.0000000e-30
  62  45   1.0000000e-30
  62  46   1.0000000e-30
  62  47   1.0000000e-30
  62  48   1.0000000e-30
  62  49   1.0000000e-30
  62  50   1.0000000e-30
  62  51   1.0000000e-30
  62  52   1.0000000e-30
  62  53   1.0000000e-30
  62  54   1.0000000e-30
  62  55   1.0000000e-30
  62  56   1.0000000e-30
  62  57   1.0000000e-30
  62  58   1.0000000e-30
  62  59   1.0000000e-30
  62  60   1.0000000e-30
  62  61   1.0000000e-30
  62  62   1.0000000e-30
  62  63   1.0000000e-30
  62  64   1.0000000e-30
  62  65   1.0000000e-30
  62  66   1.0000000e-30
  62  67   1.0000000e-30
  62  68   1.0000000e-30
  62  69   1.0000000e-30
  62  70   1.0000000e-30
  62  71   1.0000000e-30
  62  72   1.0000000e-30
  62  73   1.0000000e-30
  62  74   1.0000000e-30
  62  75   1.0000000e-30
  62  76   1.0000000e-30
  62  77   1.0000000e-30
  62  78   1.0000000e-30
  62  79   1.0000000e-30
  62  80   1.0000000e-30
  62  81   1.0000000e-30
  62  82   1.0000000e-30
  62  83   1.0000000e-30
  62  84   1.0000000e-30
  62  85   2.9360100e-14
  62  86   3.0558400e-12
  62  87   1.2483000e-10
  62  88   4.8633900e-09
  62  89   6.9905000e-08
  62  90   8.3786100e-07
  62  91   4.2077410e-06
  62  92   1.3511700e-05
  62  93   2.6304200e-05
  62  94   5.0611200e-05
  62  95   3.7019700e-05
  62  96   1.5858400e-05
  62  97   5.7122400e-06
  62  98   1.5279200e-06
  62  99   2.1970100e-07
  62 100   6.9705200e-09
  62 101   5.1330200e-10
  62 102   2.2569300e-11
  62 103   6.0417900e-13
  62 104   2.1869800e-14
  62 105   9.3197700e-17
  62 106   1.0000000e-30
  62 107   1.0000000e-30
  62 108   1.0000000e-30
  63  36   1.0000000e-30
  63  37   1.0000000e-30
  63  38   1.0000000e-30
  63  39   1.0000000e-30
  63  40   1.0000000e-30
  63  41   1.0000000e-30
  63  42   1.0000000e-30
  63  43   1.0000000e-30
  63  44   1.0000000e-30
  63  45   1.0000000e-30
  63  46   1.0000000e-30
  63  47   1.0000000e-30
  63  48   1.0000000e-30
  63  49   1.0000000e-30
  63  50   1.0000000e-30
  63  51   1.0000000e-30
  63  52   1.0000000e-30
  63  53   1.0000000e-30
  63  54   1.0000000e-30
  63  55   1.0000000e-30
  63  56   1.0000000e-30
  63  57   1.0000000e-30
  63  58   1.0000000e-30
  63  59   1.0000000e-30
  63  60   1.0000000e-30
  63  61   1.0000000e-30
  63  62   1.0000000e-30
  63  63   1.0000000e-30
  63  64   1.0000000e-30
  63  65   1.0000000e-30
  63  66   1.0000000e-30
  63  67   1.0000000e-30
  63  68   1.0000000e-30
  63  69   1.0000000e-30
  63  70   1.0000000e-30
  63  71   1.0000000e-30
  63  72   1.0000000e-30
  63  73   1.0000000e-30
  63  74   1.0000000e-30
  63  75   1.0000000e-30
  63  76   1.0000000e-30
  63  77   1.0000000e-30
  63  78   1.0000000e-30
  63  79   1.0000000e-30
  63  80   1.0000000e-30
  63  81   1.0000000e-30
  63  82   1.0000000e-30
  63  83   1.0000000e-30
  63  84   1.0000000e-30
  63  85   1.0000000e-30
  63  86   1.0000000e-30
  63  87   1.0000000e-30
  63  88   3.8148100e-12
  63  89   1.1404502e-10
  63  90   2.7562500e-09
  63  91   2.0771680e-08
  63  92   1.8075400e-07
  63  93   7.8093800e-07
  63  94   2.2169800e-06
  63  95   1.9373700e-06
  63  96   2.4866200e-06
  63  97   1.2582900e-06
  63  98   6.4512400e-07
  63  99   4.0844500e-08
  63 100   1.1684100e-08
  63 101   1.1284600e-09
  63 102   1.2383200e-10
  63 103   1.0385800e-11
  63 104   1.7076800e-13
  63 105   3.5015100e-15
  63 106   5.8427100e-17
  63 107   4.8215500e-19
  63 108   1.0000000e-30
  64  36   1.0000000e-30
  64  37   1.0000000e-30
  64  38   1.0000000e-30
  64  39   1.0000000e-30
  64  40   1.0000000e-30
  64  41   1.0000000e-30
  64  42   1.0000000e-30
  64  43   1.0000000e-30
  64  44   1.0000000e-30
  64  45   1.0000000e-30
  64  46   1.0000000e-30
  64  47   1.0000000e-30
  64  48   1.0000000e-30
  64  49   1.0000000e-30
  64  50   1.0000000e-30
  64  51   1.0000000e-30
  64  52   1.0000000e-30
  64  53   1.0000000e-30
  64  54   1.0000000e-30
  64  55   1.0000000e-30
  64  56   1.0000000e-30
  64  57   1.0000000e-30
  64  58   1.0000000e-30
  64  59   1.0000000e-30
  64  60   1.0000000e-30
  64  61   1.0000000e-30
  64  62   1.0000000e-30
  64  63   1.0000000e-30
  64  64   1.0000000e-30
  64  65   1.0000000e-30
  64  66   1.0000000e-30
  64  67   1.0000000e-30
  64  68   1.0000000e-30
  64  69   1.0000000e-30
  64  70   1.0000000e-30
  64  71   1.0000000e-30
  64  72   1.0000000e-30
  64  73   1.0000000e-30
  64  74   1.0000000e-30
  64  75   1.0000000e-30
  64  76   1.0000000e-30
  64  77   1.0000000e-30
  64  78   1.0000000e-30
  64  79   1.0000000e-30
  64  80   1.0000000e-30
  64  81   1.0000000e-30
  64  82   1.0000000e-30
  64  83   1.0000000e-30
  64  84   1.0000000e-30
  64  85   1.0000000e-30
  64  86   1.0000000e-30
  64  87   1.0000000e-30
  64  88   1.0000000e-30
  64  89   1.7376400e-13
  64  90   6.0717500e-12
  64  91   1.3641090e-10
  64  92   2.5565300e-09
  64  93   1.6577500e-08
  64  94   6.4312600e-08
  64  95   1.7676000e-07
  64  96   3.4053700e-07
  64  97   3.4153500e-07
  64  98   7.6496100e-08
  64  99   4.1543600e-08
  64 100   1.4480300e-08
  64 101   3.1257500e-09
  64 102   1.0385800e-09
  64 103   3.7948400e-11
  64 104   2.0871700e-12
  64 105   8.9278700e-14
  64 106   4.2690200e-15
  64 107   6.1793400e-17
  64 108   9.0710100e-19
  65  36   1.0000000e-30
  65  37   1.0000000e-30
  65  38   1.0000000e-30
  65  39   1.0000000e-30
  65  40   1.0000000e-30
  65  41   1.0000000e-30
  65  42   1.0000000e-30
  65  43   1.0000000e-30
  65  44   1.0000000e-30
  65  45   1.0000000e-30
  65  46   1.0000000e-30
  65  47   1.0000000e-30
  65  48   1.0000000e-30
  65  49   1.0000000e-30
  65  50   1.0000000e-30
  65  51   1.0000000e-30
  65  52   1.0000000e-30
  65  53   1.0000000e-30
  65  54   1.0000000e-30
  65  55   1.0000000e-30
  65  56   1.0000000e-30
  65  57   1.0000000e-30
  65  58   1.0000000e-30
  65  59   1.0000000e-30
  65  60   1.0000000e-30
  65  61   1.0000000e-30
  65  62   1.0000000e-30
  65  63   1.0000000e-30
  65  64   1.0000000e-30
  65  65   1.0000000e-30
  65  66   1.0000000e-30
  65  67   1.0000000e-30
  65  68   1.0000000e-30
  65  69   1.0000000e-30
  65  70   1.0000000e-30
  65  71   1.0000000e-30
  65  72   1.0000000e-30
  65  73   1.0000000e-30
  65  74   1.0000000e-30
  65  75   1.0000000e-30
  65  76   1.0000000e-30
  65  77   1.0000000e-30
  65  78   1.0000000e-30
  65  79   1.0000000e-30
  65  80   1.0000000e-30
  65  81   1.0000000e-30
  65  82   1.0000000e-30
  65  83   1.0000000e-30
  65  84   1.0000000e-30
  65  85   1.0000000e-30
  65  86   1.0000000e-30
  65  87   1.0000000e-30
  65  88   1.0000000e-30
  65  89   1.0000000e-30
  65  90   1.0000000e-30
  65  91   3.7507000e-14
  65  92   2.7262900e-12
  65  93   3.5345540e-11
  65  94   2.9460000e-10
  65  95   1.3581600e-09
  65  96   5.5824100e-09
  65  97   2.6364200e-09
  65  98   5.3527300e-09
  65  99   3.5951100e-09
  65 100   2.6663700e-09
  65 101   1.6877100e-09
  65 102   2.2569300e-10
  65 103   2.5665200e-11
  65 104   4.4140000e-12
  65 105   3.8447700e-13
  65 106   2.4666500e-14
  65 107   1.2172900e-15
  65 108   1.0000000e-30
  66  36   1.0000000e-30
  66  37   1.0000000e-30
  66  38   1.0000000e-30
  66  39   1.0000000e-30
  66  40   1.0000000e-30
  66  41   1.0000000e-30
  66  42   1.0000000e-30
  66  43   1.0000000e-30
  66  44   1.0000000e-30
  66  45   1.0000000e-30
  66  46   1.0000000e-30
  66  47   1.0000000e-30
  66  48   1.0000000e-30
  66  49   1.0000000e-30
  66  50   1.0000000e-30
  66  51   1.0000000e-30
  66  52   1.0000000e-30
  66  53   1.0000000e-30
  66  54   1.0000000e-30
  66  55   1.0000000e-30
  66  56   1.0000000e-30
  66  57   1.0000000e-30
  66  58   1.0000000e-30
  66  59   1.0000000e-30
  66  60   1.0000000e-30
  66  61   1.0000000e-30
  66  62   1.0000000e-30
  66  63   1.0000000e-30
  66  64   1.0000000e-30
  66  65   1.0000000e-30
  66  66   1.0000000e-30
  66  67   1.0000000e-30
  66  68   1.0000000e-30
  66  69   1.0000000e-30
  66  70   1.0000000e-30
  66  71   1.0000000e-30
  66  72   1.0000000e-30
  66  73   1.0000000e-30
  66  74   1.0000000e-30
  66  75   1.0000000e-30
  66  76   1.0000000e-30
  66  77   1.0000000e-30
  66  78   1.0000000e-30
  66  79   1.0000000e-30
  66  80   1.0000000e-30
  66  81   1.0000000e-30
  66  82   1.0000000e-30
  66  83   1.0000000e-30
  66  84   1.0000000e-30
  66  85   1.0000000e-30
  66  86   1.0000000e-30
  66  87   1.0000000e-30
  66  88   1.0000000e-30
  66  89   1.0000000e-30
  66  90   1.0000000e-30
  66  91   1.0000000e-30
  66  92   1.0000000e-30
  66  93   5.2328900e-14
  66  94   1.0785300e-12
  66  95   9.9265100e-12
  66  96   2.1271100e-11
  66  97   9.7367700e-11
  66  98   2.6364100e-10
  66  99   3.9496310e-10
  66 100   9.2474400e-10
  66 101   2.3568000e-10
  66 102   9.4271900e-11
  66 103   3.1157600e-11
  66 104   1.0086200e-11
  66 105   1.3581600e-12
  66 106   1.9173900e-13
  66 107   1.0000000e-30
  66 108   1.0000000e-30
  67  36   1.0000000e-30
  67  37   1.0000000e-30
  67  38   1.0000000e-30
  67  39   1.0000000e-30
  67  40   1.0000000e-30
  67  41   1.0000000e-30
  67  42   1.0000000e-30
  67  43   1.0000000e-30
  67  44   1.0000000e-30
  67  45   1.0000000e-30
  67  46   1.0000000e-30
  67  47   1.0000000e-30
  67  48   1.0000000e-30
  67  49   1.0000000e-30
  67  50   1.0000000e-30
  67  51   1.0000000e-30
  67  52   1.0000000e-30
  67  53   1.0000000e-30
  67  54   1.0000000e-30
  67  55   1.0000000e-30
  67  56   1.0000000e-30
  67  57   1.0000000e-30
  67  58   1.0000000e-30
  67  59   1.0000000e-30
  67  60   1.0000000e-30
  67  61   1.0000000e-30
  67  62   1.0000000e-30
  67  63   1.0000000e-30
  67  64   1.0000000e-30
  67  65   1.0000000e-30
  67  66   1.0000000e-30
  67  67   1.0000000e-30
  67  68   1.0000000e-30
  67  69   1.0000000e-30
  67  70   1.0000000e-30
  67  71   1.0000000e-30
  67  72   1.0000000e-30
  67  73   1.0000000e-30
  67  74   1.0000000e-30
  67  75   1.0000000e-30
  67  76   1.0000000e-30
  67  77   1.0000000e-30
  67  78   1.0000000e-30
  67  79   1.0000000e-30
  67  80   1.0000000e-30
  67  81   1.0000000e-30
  67  82   1.0000000e-30
  67  83   1.0000000e-30
  67  84   1.0000000e-30
  67  85   1.0000000e-30
  67  86   1.0000000e-30
  67  87   1.0000000e-30
  67  88   1.0000000e-30
  67  89   1.0000000e-30
  67  90   1.0000000e-30
  67  91   1.0000000e-30
  67  92   1.0000000e-30
  67  93   1.0000000e-30
  67  94   1.0000000e-30
  67  95   3.7798600e-15
  67  96   3.7667200e-14
  67  97   2.4976050e-13
  67  98   1.5479000e-12
  67  99   8.0790300e-12
  67 100   8.1988500e-12
  67 101   7.5434100e-12
  67 102   8.0091200e-12
  67 103   4.9333000e-12
  67 104   2.3468100e-12
  67 105   6.2515000e-13
  67 106   1.0000000e-30
  67 107   1.0000000e-30
  67 108   1.0000000e-30
  68  36   1.0000000e-30
  68  37   1.0000000e-30
  68  38   1.0000000e-30
  68  39   1.0000000e-30
  68  40   1.0000000e-30
  68  41   1.0000000e-30
  68  42   1.0000000e-30
  68  43   1.0000000e-30
  68  44   1.0000000e-30
  68  45   1.0000000e-30
  68  46   1.0000000e-30
  68  47   1.0000000e-30
  68  48   1.0000000e-30
  68  49   1.0000000e-30
  68  50   1.0000000e-30
  68  51   1.0000000e-30
  68  52   1.0000000e-30
  68  53   1.0000000e-30
  68  54   1.0000000e-30
  68  55   1.0000000e-30
  68  56   1.0000000e-30
  68  57   1.0000000e-30
  68  58   1.0000000e-30
  68  59   1.0000000e-30
  68  60   1.0000000e-30
  68  61   1.0000000e-30
  68  62   1.0000000e-30
  68  63   1.0000000e-30
  68  64   1.0000000e-30
  68  65   1.0000000e-30
  68  66   1.0000000e-30
  68  67   1.0000000e-30
  68  68   1.0000000e-30
  68  69   1.0000000e-30
  68  70   1.0000000e-30
  68  71   1.0000000e-30
  68  72   1.0000000e-30
  68  73   1.0000000e-30
  68  74   1.0000000e-30
  68  75   1.0000000e-30
  68  76   1.0000000e-30
  68  77   1.0000000e-30
  68  78   1.0000000e-30
  68  79   1.0000000e-30
  68  80   1.0000000e-30
  68  81   1.0000000e-30
  68  82   1.0000000e-30
  68  83   1.0000000e-30
  68  84   1.0000000e-30
  68  85   1.0000000e-30
  68  86   1.0000000e-30
  68  87   1.0000000e-30
  68  88   1.0000000e-30
  68  89   1.0000000e-30
  68  90   1.0000000e-30
  68  91   1.0000000e-30
  68  92   1.0000000e-30
  68  93   1.0000000e-30
  68  94   1.0000000e-30
  68  95   1.0000000e-30
  68  96   1.0000000e-30
  68  97   8.6789200e-16
  68  98   1.4779900e-14
  68  99   3.2317230e-14
  68 100   1.1983700e-13
  68 101   3.1657000e-13
  68 102   7.6196500e-13
  68 103   7.2501500e-13
  68 104   6.7608100e-13
  68 105   1.0000000e-30
  68 106   1.0000000e-30
  68 107   1.0000000e-30
  68 108   1.0000000e-30
  69  36   1.0000000e-30
  69  37   1.0000000e-30
  69  38   1.0000000e-30
  69  39   1.0000000e-30
  69  40   1.0000000e-30
  69  41   1.0000000e-30
  69  42   1.0000000e-30
  69  43   1.0000000e-30
  69  44   1.0000000e-30
  69  45   1.0000000e-30
  69  46   1.0000000e-30
  69  47   1.0000000e-30
  69  48   1.0000000e-30
  69  49   1.0000000e-30
  69  50   1.0000000e-30
  69  51   1.0000000e-30
  69  52   1.0000000e-30
  69  53   1.0000000e-30
  69  54   1.0000000e-30
  69  55   1.0000000e-30
  69  56   1.0000000e-30
  69  57   1.0000000e-30
  69  58   1.0000000e-30
  69  59   1.0000000e-30
  69  60   1.0000000e-30
  69  61   1.0000000e-30
  69  62   1.0000000e-30
  69  63   1.0000000e-30
  69  64   1.0000000e-30
  69  65   1.0000000e-30
  69  66   1.0000000e-30
  69  67   1.0000000e-30
  69  68   1.0000000e-30
  69  69   1.0000000e-30
  69  70   1.0000000e-30
  69  71   1.0000000e-30
  69  72   1.0000000e-30
  69  73   1.0000000e-30
  69  74   1.0000000e-30
  69  75   1.0000000e-30
  69  76   1.0000000e-30
  69  77   1.0000000e-30
  69  78   1.0000000e-30
  69  79   1.0000000e-30
  69  80   1.0000000e-30
  69  81   1.0000000e-30
  69  82   1.0000000e-30
  69  83   1.0000000e-30
  69  84   1.0000000e-30
  69  85   1.0000000e-30
  69  86   1.0000000e-30
  69  87   1.0000000e-30
  69  88   1.0000000e-30
  69  89   1.0000000e-30
  69  90   1.0000000e-30
  69  91   1.0000000e-30
  69  92   1.0000000e-30
  69  93   1.0000000e-30
  69  94   1.0000000e-30
  69  95   1.0000000e-30
  69  96   1.0000000e-30
  69  97   1.0000000e-30
  69  98   1.0000000e-30
  69  99   4.2233200e-17
  69 100   4.5243600e-16
  69 101   2.5380600e-15
  69 102   8.9628500e-15
  69 103   1.2682800e-14
  69 104   1.0000000e-30
  69 105   1.0000000e-30
  69 106   1.0000000e-30
  69 107   1.0000000e-30
  69 108   1.0000000e-30
  70  36   1.0000000e-30
  70  37   1.0000000e-30
  70  38   1.0000000e-30
  70  39   1.0000000e-30
  70  40   1.0000000e-30
  70  41   1.0000000e-30
  70  42   1.0000000e-30
  70  43   1.0000000e-30
  70  44   1.0000000e-30
  70  45   1.0000000e-30
  70  46   1.0000000e-30
  70  47   1.0000000e-30
  70  48   1.0000000e-30
  70  49   1.0000000e-30
  70  50   1.0000000e-30
  70  51   1.0000000e-30
  70  52   1.0000000e-30
  70  53   1.0000000e-30
  70  54   1.0000000e-30
  70  55   1.0000000e-30
  70  56   1.0000000e-30
  70  57   1.0000000e-30
  70  58   1.0000000e-30
  70  59   1.0000000e-30
  70  60   1.0000000e-30
  70  61   1.0000000e-30
  70  62   1.0000000e-30
  70  63   1.0000000e-30
  70  64   1.0000000e-30
  70  65   1.0000000e-30
  70  66   1.0000000e-30
  70  67   1.0000000e-30
  70  68   1.0000000e-30
  70  69   1.0000000e-30
  70  70   1.0000000e-30
  70  71   1.0000000e-30
  70  72   1.0000000e-30
  70  73   1.0000000e-30
  70  74   1.0000000e-30
  70  75   1.0000000e-30
  70  76   1.0000000e-30
  70  77   1.0000000e-30
  70  78   1.0000000e-30
  70  79   1.0000000e-30
  70  80   1.0000000e-30
  70  81   1.0000000e-30
  70  82   1.0000000e-30
  70  83   1.0000000e-30
  70  84   1.0000000e-30
  70  85   1.0000000e-30
  70  86   1.0000000e-30
  70  87   1.0000000e-30
  70  88   1.0000000e-30
  70  89   1.0000000e-30
  70  90   1.0000000e-30
  70  91   1.0000000e-30
  70  92   1.0000000e-30
  70  93   1.0000000e-30
  70  94   1.0000000e-30
  70  95   1.0000000e-30
  70  96   1.0000000e-30
  70  97   1.0000000e-30
  70  98   1.0000000e-30
  70  99   1.0000000e-30
  70 100   8.1098400e-19
  70 101   7.9799400e-18
  70 102   6.3875000e-17
  70 103   1.0000000e-30
  70 104   1.0000000e-30
  70 105   1.0000000e-30
  70 106   1.0000000e-30
  70 107   1.0000000e-30
  70 108   1.0000000e-30
  71  36   1.0000000e-30
  71  37   1.0000000e-30
  71  38   1.0000000e-30
  71  39   1.0000000e-30
  71  40   1.0000000e-30
  71  41   1.0000000e-30
  71  42   1.0000000e-30
  71  43   1.0000000e-30
  71  44   1.0000000e-30
  71  45   1.0000000e-30
  71  46   1.0000000e-30
  71  47   1.0000000e-30
  71  48   1.0000000e-30
  71  49   1.0000000e-30
  71  50   1.0000000e-30
  71  51   1.0000000e-30
  71  52   1.0000000e-30
  71  53   1.0000000e-30
  71  54   1.0000000e-30
  71  55   1.0000000e-30
  71  56   1.0000000e-30
  71  57   1.0000000e-30
  71  58   1.0000000e-30
  71  59   1.0000000e-30
  71  60   1.0000000e-30
  71  61   1.0000000e-30
  71  62   1.0000000e-30
  71  63   1.0000000e-30
  71  64   1.0000000e-30
  71  65   1.0000000e-30
  71  66   1.0000000e-30
  71  67   1.0000000e-30
  71  68   1.0000000e-30
  71  69   1.0000000e-30
  71  70   1.0000000e-30
  71  71   1.0000000e-30
  71  72   1.0000000e-30
  71  73   1.0000000e-30
  71  74   1.0000000e-30
  71  75   1.0000000e-30
  71  76   1.0000000e-30
  71  77   1.0000000e-30
  71  78   1.0000000e-30
  71  79   1.0000000e-30
  71  80   1.0000000e-30
  71  81   1.0000000e-30
  71  82   1.0000000e-30
  71  83   1.0000000e-30
  71  84   1.0000000e-30
  71  85   1.0000000e-30
  71  86   1.0000000e-30
  71  87   1.0000000e-30
  71  88   1.0000000e-30
  71  89   1.0000000e-30
  71  90   1.0000000e-30
  71  91   1.0000000e-30
  71  92   1.0000000e-30
  71  93   1.0000000e-30
  71  94   1.0000000e-30
  71  95   1.0000000e-30
  71  96   1.0000000e-30
  71  97   1.0000000e-30
  71  98   1.0000000e-30
  71  99   1.0000000e-30
  71 100   1.0000000e-30
  71 101   1.0000000e-30
  71 102   1.0000000e-30
  71 103   1.0000000e-30
  71 104   1.0000000e-30
  71 105   1.0000000e-30
  71 106   1.0000000e-30
  71 107   1.0000000e-30
  71 108   1.0000000e-30
